Element	North	East	Depth
1	0.	0.	213.000
2	3.32620	0.95127	213.000
3	6.87230	2.23570	213.000
4	10.7840	3.78330	213.000
5	14.9540	5.67850	213.000
7	24.0080	10.3000	213.000
8	29.1080	13.1740	213.000
9	41.6130	19.7660	213.000
10	49.1650	23.3790	213.000
11	57.4520	27.1940	213.000
12	66.5250	31.2580	213.000
13	76.1340	36.1510	213.000
14	86.3370	41.9980	213.000
15	95.4210	47.2470	213.000
17	129.960	72.7320	213.000
18	132.540	74.9070	213.000
19	135.350	77.2850	213.000
21	141.670	82.7720	213.000
22	145.440	86.0660	213.000
23	149.660	89.6700	213.000
24	154.220	93.8230	213.000
26	164.960	103.850	213.000
27	170.000	108.040	213.000
28	175.210	113.260	213.000
29	180.150	118.160	213.000
30	185.790	123.900	213.000
32	198.240	136.250	213.000
