row,truth_row,scene,snr_db,record_id,seed,frontend,eta_in,eta_out,input_usable,input_hash,duration_s,eta_in_matlab_check,eta_out_matlab_check,eta_in_matlab_abs_diff,eta_out_matlab_abs_diff
0,0,S0,-14,1,73270916,VS,0.831122934642145,0.951461543040769,1,ef7a7e6410d7ba8a23d38cb8fbf86152,600,0.831122934642145,0.951461543040769,0,4.44089209850063e-16
1,1,S0,-14,2,73270917,VS,0.911455621332885,0.96761977415082,1,70b3b06971e154cbad6e34c4959d09cb,600,0.911455621332885,0.96761977415082,4.44089209850063e-16,1.11022302462516e-16
2,2,S0,-14,3,73270918,VS,0.769510230529541,0.967031925122798,1,bb9860fcdac0011a3a1e728e75e3a884,600,0.769510230529541,0.967031925122798,3.33066907387547e-16,0
3,3,S0,-14,4,73270919,VS,0.346482680702968,0.863152736416088,1,4cdeff5fbde0265034a23e6eb1fa701d,600,0.346482680702968,0.863152736416088,2.22044604925031e-16,2.22044604925031e-16
4,4,S0,-14,5,73270920,VS,0.934592896814609,0.968525602024432,1,7735ac933cba79330d2fad17a42f12ab,600,0.934592896814609,0.968525602024432,3.33066907387547e-16,2.22044604925031e-16
5,5,S0,-14,6,73270921,VS,0.930605432339658,0.95156259879138,1,5a9ef544ca4eecf8654616db2c269e55,600,0.930605432339658,0.95156259879138,4.44089209850063e-16,3.33066907387547e-16
6,6,S0,-14,7,73270922,VS,0.635533442332344,0.964435735808699,1,d94a6ec82a29ac1ec5b63b20a1b60095,600,0.635533442332344,0.964435735808699,4.44089209850063e-16,4.44089209850063e-16
7,7,S0,-14,8,73270923,VS,0.929866003014796,0.960568629941224,1,00314479d2f3749b6324f45384b570e1,600,0.929866003014796,0.960568629941224,2.22044604925031e-16,1.11022302462516e-16
8,8,S0,-14,9,73270924,VS,0.880871782432135,0.95538992898878,1,86caaee2fb8764cb371fc78cba020231,600,0.880871782432135,0.95538992898878,2.22044604925031e-16,0
9,9,S0,-14,10,73270925,VS,0.786713533213403,0.963671233493153,1,7ac399e802e8f63067bd25115abf691d,600,0.786713533213403,0.963671233493153,1.11022302462516e-16,1.11022302462516e-16
10,10,S0,-14,11,73270926,VS,0.815568003355654,0.958806157745935,1,c7a185de1f537a1071c80839ed7c51a5,600,0.815568003355654,0.958806157745935,2.22044604925031e-16,1.11022302462516e-16
11,11,S0,-14,12,73270927,VS,0.820214453459098,0.961597362885457,1,dfec313be6215acdd168f4df025af7e6,600,0.820214453459098,0.961597362885457,1.11022302462516e-16,2.22044604925031e-16
12,12,S0,-14,13,73270928,VS,0.922212258711117,0.966377748634443,1,3aa6029fd24a37eee3ff3acb638969e7,600,0.922212258711117,0.966377748634443,4.44089209850063e-16,3.33066907387547e-16
13,13,S0,-14,14,73270929,VS,0.682162920666878,0.96568299519272,1,5205d9cbf0fe2b501508e0ca438118e3,600,0.682162920666878,0.96568299519272,1.11022302462516e-16,4.44089209850063e-16
14,14,S0,-14,15,73270930,VS,0.927784163946907,0.971763398086782,1,a3fb5fdff3658e46d165f2641dff4e22,600,0.927784163946907,0.971763398086782,2.22044604925031e-16,4.44089209850063e-16
15,15,S0,-14,16,73270931,VS,0.804544431797896,0.948078830101064,1,a9e2b7dd6bd27794c1513865b413dc75,600,0.804544431797896,0.948078830101064,2.22044604925031e-16,3.33066907387547e-16
16,16,S0,-14,17,73270932,VS,0.847039470959156,0.974550279447424,1,eded3abb801686da36e2c136a7efdcf9,600,0.847039470959156,0.974550279447424,0,2.22044604925031e-16
17,17,S0,-14,18,73270933,VS,0.761555140342027,0.954321876534152,1,2df3ec669554bd334eca8ac06518daa4,600,0.761555140342027,0.954321876534152,4.44089209850063e-16,2.22044604925031e-16
18,18,S0,-14,19,73270934,VS,0.65624002126909,0.958807308515831,1,a514d0fc2190dfb456a4ad9b6e4f52d5,600,0.65624002126909,0.958807308515831,4.44089209850063e-16,1.11022302462516e-16
19,19,S0,-14,20,73270935,VS,0.709352184396008,0.949564103438542,1,b4d97ce8f4142fc5c3f603c36645e23a,600,0.709352184396008,0.949564103438542,2.22044604925031e-16,4.44089209850063e-16
20,20,S0,-14,21,73270936,VS,0.758694053790335,0.972496301034421,1,9435d312a7b34f61caff4003c460e3eb,600,0.758694053790335,0.972496301034421,3.33066907387547e-16,0
21,21,S0,-14,22,73270937,VS,0.884153869124927,0.977568568489288,1,693fd959c5a7f66af260a770b338d0a2,600,0.884153869124927,0.977568568489288,0,4.44089209850063e-16
22,22,S0,-14,23,73270938,VS,0.849515897689695,0.955235967609058,1,cdda88df5165b5613dfe9a00bc23d2b4,600,0.849515897689695,0.955235967609058,4.44089209850063e-16,1.11022302462516e-16
23,23,S0,-14,24,73270939,VS,0.911307662857884,0.957567970366615,1,0d2e691317ec86980b5219feabdcad16,600,0.911307662857884,0.957567970366615,3.33066907387547e-16,1.11022302462516e-16
24,24,S0,-14,25,73270940,VS,0.745951980822273,0.950726117959127,1,c4bc297b58e98528f4966c048e41dd65,600,0.745951980822273,0.950726117959127,3.33066907387547e-16,4.44089209850063e-16
25,25,S0,-14,26,73270941,VS,0.703693732972231,0.967920982202752,1,fcb12325adb3d012c342b32ba7979019,600,0.703693732972231,0.967920982202752,4.44089209850063e-16,0
26,26,S0,-14,27,73270942,VS,0.429586450644118,0.959340779506811,1,d636c148dcb1642ce5b0d6139ca1935e,600,0.429586450644118,0.959340779506811,3.33066907387547e-16,2.22044604925031e-16
27,27,S0,-14,28,73270943,VS,0.811077212257472,0.960768771229358,1,73c3d2d5ca540655d120ccfaaa21bde4,600,0.811077212257472,0.960768771229358,2.22044604925031e-16,2.22044604925031e-16
28,28,S0,-14,29,73270944,VS,0.631520233903688,0.965977524822132,1,ed3630d4ecca0ac6c9738d5bb9046b3e,600,0.631520233903688,0.965977524822132,4.44089209850063e-16,3.33066907387547e-16
29,29,S0,-14,30,73270945,VS,0.719484251872729,0.953236776214195,1,f5959366bc0e2a71b28073dda6354808,600,0.719484251872729,0.953236776214195,1.11022302462516e-16,0
30,30,S0,-14,31,73270946,VS,0.384473629899238,0.947066137237135,1,f265a3f89d82ce82046015dacffa3ced,600,0.384473629899238,0.947066137237135,1.66533453693773e-16,2.22044604925031e-16
31,31,S0,-14,32,73270947,VS,0.422077498652433,0.942747076483136,1,9b63e6d39161e28e673d64635395a99c,600,0.422077498652433,0.942747076483136,4.44089209850063e-16,2.22044604925031e-16
32,32,S0,-14,33,73270948,VS,0.658875980958727,0.857576911565006,1,a99e3ff046700f084b660b9be253383b,600,0.658875980958727,0.857576911565006,1.11022302462516e-16,4.44089209850063e-16
33,33,S0,-14,34,73270949,VS,0.871381624591733,0.96962807576016,1,7ecedafacfcfd25976c640a2c4d12be8,600,0.871381624591733,0.96962807576016,4.44089209850063e-16,2.22044604925031e-16
34,34,S0,-14,35,73270950,VS,0.886577002582373,0.959556407205171,1,d41fefe11cd0ed0ef2ab37ac3d0b6104,600,0.886577002582373,0.959556407205171,0,0
35,35,S0,-14,36,73270951,VS,0.847312731888566,0.967223119955958,1,436b418e018a9b004e44d7b18a5bfbad,600,0.847312731888566,0.967223119955958,3.33066907387547e-16,4.44089209850063e-16
36,36,S0,-14,37,73270952,VS,0.457648197340816,0.92636329867624,1,5e84416ffd1e8f756daac135e11a98fa,600,0.457648197340816,0.92636329867624,5.55111512312578e-17,1.11022302462516e-16
37,37,S0,-14,38,73270953,VS,0.839377636397005,0.962359371495335,1,051ee137cbf783111b31b8b1d015fd22,600,0.839377636397005,0.962359371495335,4.44089209850063e-16,1.11022302462516e-16
38,38,S0,-14,39,73270954,VS,0.549063217089575,0.968929689798854,1,47599c05df91a9a663d0238bda5a8293,600,0.549063217089575,0.968929689798854,0,3.33066907387547e-16
39,39,S0,-14,40,73270955,VS,0.681742090255655,0.956988832675149,1,3d0e054c0d29bb6be31cf931836ed323,600,0.681742090255655,0.956988832675149,4.44089209850063e-16,1.11022302462516e-16
40,40,S0,-14,41,73270956,VS,0.874792367216926,0.959862062881648,1,b23d0b1c7859a03d7c06497f47b62c9b,600,0.874792367216926,0.959862062881648,4.44089209850063e-16,1.11022302462516e-16
41,41,S0,-14,42,73270957,VS,0.730592433902744,0.950879992740822,1,99207781138d0cb12e6bcb2628e81bd5,600,0.730592433902744,0.950879992740822,1.11022302462516e-16,3.33066907387547e-16
42,42,S0,-14,43,73270958,VS,0.928144303372854,0.961604376641489,1,eaa37baf01a96506f25612bab73e7c50,600,0.928144303372854,0.961604376641489,2.22044604925031e-16,2.22044604925031e-16
43,43,S0,-14,44,73270959,VS,0.78806053033551,0.967316752024931,1,e0a756722d569f5dc848a93e12ca78b5,600,0.78806053033551,0.967316752024931,0,2.22044604925031e-16
44,44,S0,-14,45,73270960,VS,0.648088185333483,0.960970273775305,1,358a267513db42d057d4782acf1791af,600,0.648088185333483,0.960970273775305,1.11022302462516e-16,0
45,45,S0,-14,46,73270961,VS,0.803498999748979,0.953751436762916,1,71ab78cc169a86cc0c48e48aae01cfa0,600,0.803498999748979,0.953751436762916,4.44089209850063e-16,2.22044604925031e-16
46,46,S0,-14,47,73270962,VS,0.889201787227822,0.969894264473873,1,239e2188c9b9f80ecd1131c16039f496,600,0.889201787227822,0.969894264473873,0,3.33066907387547e-16
47,47,S0,-14,48,73270963,VS,0.435287489070092,0.948028812452303,1,8c75c8627f656e8d7abad9208d607094,600,0.435287489070092,0.948028812452303,1.66533453693773e-16,2.22044604925031e-16
48,48,S0,-14,49,73270964,VS,0.738890307881626,0.965190766948377,1,6930a71e3e2714248107d11f70d13c80,600,0.738890307881626,0.965190766948377,2.22044604925031e-16,3.33066907387547e-16
49,49,S0,-14,50,73270965,VS,0.630872121080404,0.966646880975142,1,99f30ca3cf7575e84e12f5b05612503e,600,0.630872121080404,0.966646880975142,0,1.11022302462516e-16
50,50,S0,-14,51,73270966,VS,0.475359498116388,0.955189536756735,1,fc99ae1b7870f18d3f6cfcf80dcad306,600,0.475359498116388,0.955189536756735,0,2.22044604925031e-16
51,51,S0,-14,52,73270967,VS,0.892098287458903,0.95850902857016,1,beb2522c3b6565f21c7b9e132c9a6b44,600,0.892098287458903,0.95850902857016,3.33066907387547e-16,2.22044604925031e-16
52,52,S0,-14,53,73270968,VS,0.710574960391396,0.954311261203698,1,bbcda0b43b8a18a98c7655d9bb149781,600,0.710574960391396,0.954311261203698,2.22044604925031e-16,0
53,53,S0,-14,54,73270969,VS,0.491611298743485,0.967475625094803,1,4cada3210d20fee7fdb171beff5b4657,600,0.491611298743485,0.967475625094803,4.9960036108132e-16,1.11022302462516e-16
54,54,S0,-14,55,73270970,VS,0.770153676623459,0.944306733408963,1,e628f08ebf30091ea887b55e71a057fb,600,0.770153676623459,0.944306733408963,3.33066907387547e-16,4.44089209850063e-16
55,55,S0,-14,56,73270971,VS,0.644101936434722,0.955810590825076,1,849d1fed8a802114c4304bf281876003,600,0.644101936434722,0.955810590825076,4.44089209850063e-16,4.44089209850063e-16
56,56,S0,-14,57,73270972,VS,0.831865703279408,0.957902260669,1,77a17be785c299fde5cab014c5e5c869,600,0.831865703279408,0.957902260669,3.33066907387547e-16,3.33066907387547e-16
57,57,S0,-14,58,73270973,VS,0.670148860169588,0.959617335376404,1,6c902b1c54cac9aa663ea262ac33aad3,600,0.670148860169588,0.959617335376404,2.22044604925031e-16,3.33066907387547e-16
58,58,S0,-14,59,73270974,VS,0.931518048328376,0.962898007077469,1,375fda566edb93ca48ecac15c2e1bf3a,600,0.931518048328376,0.962898007077469,4.44089209850063e-16,3.33066907387547e-16
59,59,S0,-14,60,73270975,VS,0.82597541271102,0.959392560989455,1,a15f8f992575ae48c9e1fcb8aee2313b,600,0.82597541271102,0.959392560989455,0,1.11022302462516e-16
60,60,S0,-14,61,73270976,VS,0.877335768647335,0.975721377383109,1,620b467e4906a2734ef97ebb4a6ee7bc,600,0.877335768647335,0.975721377383109,2.22044604925031e-16,2.22044604925031e-16
61,61,S0,-14,62,73270977,VS,0.601979575293451,0.945549972134918,1,ec9c83a83bb6170f537d65ad482ce462,600,0.601979575293451,0.945549972134918,2.22044604925031e-16,1.11022302462516e-16
62,62,S0,-14,63,73270978,VS,0.869811226222254,0.967464241698705,1,62af70a193f34947c810f90df9f217e1,600,0.869811226222254,0.967464241698705,0,2.22044604925031e-16
63,63,S0,-14,64,73270979,VS,0.81706184749135,0.960245088751164,1,fa63bd75ba1275d35c3c0db1ce262a62,600,0.81706184749135,0.960245088751164,0,0
64,64,S0,-14,65,73270980,VS,0.943884460220748,0.973732712087822,1,875eb099a4e02f488f9761490582492e,600,0.943884460220748,0.973732712087822,1.11022302462516e-16,1.11022302462516e-16
65,65,S0,-14,66,73270981,VS,0.857446298101893,0.969789268113458,1,a1283b19d91137b0e1d9011bfd81ff7c,600,0.857446298101893,0.969789268113458,3.33066907387547e-16,0
66,66,S0,-14,67,73270982,VS,0.691739222327177,0.965396559261866,1,4ba1d40420aff462397ee4405a684aee,600,0.691739222327177,0.965396559261866,3.33066907387547e-16,3.33066907387547e-16
67,67,S0,-14,68,73270983,VS,0.886728948389408,0.961857942486326,1,9566554ea93adae01cf22c0b53fd836a,600,0.886728948389408,0.961857942486326,4.44089209850063e-16,2.22044604925031e-16
68,68,S0,-14,69,73270984,VS,0.867303439351278,0.965390898535085,1,a04849d0c160014f3365603bc70c91e1,600,0.867303439351278,0.965390898535085,1.11022302462516e-16,3.33066907387547e-16
69,69,S0,-14,70,73270985,VS,0.775690713767107,0.968647126459999,1,feb56ff1d400940c64df55bd38055ab8,600,0.775690713767107,0.968647126459999,3.33066907387547e-16,1.11022302462516e-16
70,70,S0,-14,71,73270986,VS,0.47134044352977,0.971465539659396,1,eb134c85bda66044c2e5b3484cdeef12,600,0.47134044352977,0.971465539659396,0,0
71,71,S0,-14,72,73270987,VS,0.844785762846159,0.970272454802827,1,b9b7adbee44788067629ae92493dda7a,600,0.844785762846159,0.970272454802827,2.22044604925031e-16,2.22044604925031e-16
72,72,S0,-14,73,73270988,VS,0.913874589715855,0.97269550419174,1,aeaea862f91b91a59841ee7d66511f96,600,0.913874589715855,0.97269550419174,2.22044604925031e-16,1.11022302462516e-16
73,73,S0,-14,74,73270989,VS,0.73643325259708,0.901531545354105,1,cac95117c839cf81869977e4a2269760,600,0.73643325259708,0.901531545354105,2.22044604925031e-16,3.33066907387547e-16
74,74,S0,-14,75,73270990,VS,0.640254309976075,0.937121255934156,1,b003854f63b2259a76ce49eff487e42a,600,0.640254309976075,0.937121255934156,2.22044604925031e-16,0
75,75,S0,-14,76,73270991,VS,0.803593699090598,0.971858817658353,1,39230b2287698e8246afd507e8af8824,600,0.803593699090598,0.971858817658353,1.11022302462516e-16,3.33066907387547e-16
76,76,S0,-14,77,73270992,VS,0.834091793555699,0.959324169016326,1,744b9eac02ae488b77c1b6b5079ea651,600,0.834091793555699,0.959324169016326,2.22044604925031e-16,3.33066907387547e-16
77,77,S0,-14,78,73270993,VS,0.916068460157281,0.977468686861834,1,bccbc436cd546af08735c760f059da4e,600,0.916068460157281,0.977468686861834,3.33066907387547e-16,3.33066907387547e-16
78,78,S0,-14,79,73270994,VS,0.860560180963899,0.956281968501745,1,cb07e6930682e4725359dd01a9cb6fcf,600,0.860560180963899,0.956281968501745,1.11022302462516e-16,3.33066907387547e-16
79,79,S0,-14,80,73270995,VS,0.764984999677381,0.96109063948785,1,3aaa962e50f8046be57b38672db7dbcd,600,0.764984999677381,0.96109063948785,1.11022302462516e-16,2.22044604925031e-16
80,80,S0,-14,81,73270996,VS,0.816063012215059,0.909910320553133,1,deb349930f78cf8e20b2a12062a76d80,600,0.816063012215059,0.909910320553133,0,2.22044604925031e-16
81,81,S0,-14,82,73270997,VS,0.863099787749372,0.959793608367259,1,33aad099753c9b536c23f0b2307140f1,600,0.863099787749372,0.959793608367259,4.44089209850063e-16,1.11022302462516e-16
82,82,S0,-14,83,73270998,VS,0.743054855710666,0.956405477519497,1,5a48d124c9d7e16a63dd63347a397b53,600,0.743054855710666,0.956405477519497,1.11022302462516e-16,4.44089209850063e-16
83,83,S0,-14,84,73270999,VS,0.638709592715393,0.962178477346865,1,ff8636f3c040af6c62eadf1bb00c294b,600,0.638709592715393,0.962178477346865,2.22044604925031e-16,3.33066907387547e-16
84,84,S0,-14,85,73271000,VS,0.895853706025628,0.971973708973228,1,e62739b4044c7c17b06c10ff2ab47cf1,600,0.895853706025628,0.971973708973228,3.33066907387547e-16,4.44089209850063e-16
85,85,S0,-14,86,73271001,VS,0.830763321692908,0.967557599688844,1,7df431ab9cdee551b22a01ee35a534ed,600,0.830763321692908,0.967557599688844,3.33066907387547e-16,1.11022302462516e-16
86,86,S0,-14,87,73271002,VS,0.87524119032811,0.9694955727521,1,f7ff29996530ac03c9730dcaf6547baf,600,0.87524119032811,0.9694955727521,2.22044604925031e-16,2.22044604925031e-16
87,87,S0,-14,88,73271003,VS,0.859553401963524,0.952616148401601,1,bc9c419c5c21523a5932b99723de9383,600,0.859553401963524,0.952616148401601,4.44089209850063e-16,3.33066907387547e-16
88,88,S0,-14,89,73271004,VS,0.748867874188293,0.965691576732789,1,08205340054fd752770d65731f61c2c6,600,0.748867874188293,0.965691576732789,3.33066907387547e-16,2.22044604925031e-16
89,89,S0,-14,90,73271005,VS,0.771146508114003,0.958970786041331,1,dc7a9d785576f37d483b7f9d42031a4f,600,0.771146508114003,0.958970786041331,2.22044604925031e-16,1.11022302462516e-16
90,90,S0,-14,91,73271006,VS,0.855624527509841,0.9684797653694,1,c4aaf5f4bc19512e69715482690bd0de,600,0.855624527509841,0.9684797653694,3.33066907387547e-16,3.33066907387547e-16
91,91,S0,-14,92,73271007,VS,0.724801271659427,0.968051545625781,1,3886ecfb30150291496f23b43c5fd598,600,0.724801271659427,0.968051545625781,0,3.33066907387547e-16
92,92,S0,-14,93,73271008,VS,0.764998602810471,0.958567884095177,1,bf0f8ad0b5f4d4cec83f3816467cd794,600,0.764998602810471,0.958567884095177,2.22044604925031e-16,1.11022302462516e-16
93,93,S0,-14,94,73271009,VS,0.781966896058715,0.960238597779085,1,f5276093a0a34cd76b588f45a7ceff6e,600,0.781966896058715,0.960238597779085,4.44089209850063e-16,1.11022302462516e-16
94,94,S0,-14,95,73271010,VS,0.825210461458303,0.961193625540747,1,94b2c74cbaab983a0fc913bf622aec88,600,0.825210461458303,0.961193625540747,2.22044604925031e-16,3.33066907387547e-16
95,95,S0,-14,96,73271011,VS,0.645816769366886,0.958338407482069,1,736bc937b46eaf4103fe34e17f2777a4,600,0.645816769366886,0.958338407482069,0,2.22044604925031e-16
96,96,S0,-14,97,73271012,VS,0.85275039848124,0.967535885152949,1,d72a4d1c93fc9d6e3d47e69ba64a5bdd,600,0.85275039848124,0.967535885152949,2.22044604925031e-16,2.22044604925031e-16
97,97,S0,-14,98,73271013,VS,0.86312744153366,0.956729673605792,1,84fa6ec5170701df3c92452df71d2257,600,0.86312744153366,0.956729673605792,3.33066907387547e-16,4.44089209850063e-16
98,98,S0,-14,99,73271014,VS,0.804109454834292,0.95064663084831,1,3cc28322ea9f160b0d8bd1bbee4574eb,600,0.804109454834292,0.95064663084831,1.11022302462516e-16,3.33066907387547e-16
99,99,S0,-14,100,73271015,VS,0.836839916607789,0.973423162439013,1,5db1282725cf1bc06b3547f8f400c1d7,600,0.836839916607789,0.973423162439013,4.44089209850063e-16,2.22044604925031e-16
100,100,S0,-17,1,73270916,VS,0.333238520038609,0.834833516028222,1,9edf3405276191b124bd0671e25674b2,600,0.333238520038609,0.834833516028222,3.88578058618805e-16,4.44089209850063e-16
101,101,S0,-17,2,73270917,VS,0.341070873552844,0.932622799868634,1,c8457602fedd01b5fe6e4f7d37f4cd47,600,0.341070873552844,0.932622799868634,1.66533453693773e-16,0
102,102,S0,-17,3,73270918,VS,0.314828950156221,0.94134328034576,1,91fbb65cc035204b9e0d5b5496e4ecf7,600,0.314828950156221,0.94134328034576,0,4.44089209850063e-16
103,103,S0,-17,4,73270919,VS,0.238691376495337,0.731933234386333,1,b789bac3af8859dddb73f9ea7ed4488a,600,0.238691376495337,0.731933234386333,4.16333634234434e-16,4.44089209850063e-16
104,104,S0,-17,5,73270920,VS,0.759670237352059,0.949609110629063,1,fc5fc8a9943c6b31f4b39570035dde66,600,0.759670237352059,0.949609110629063,0,4.44089209850063e-16
105,105,S0,-17,6,73270921,VS,0.347353830638234,0.914240752056244,1,76276541f72fce6b3dc2f1f22ef5f0f3,600,0.347353830638234,0.914240752056244,3.88578058618805e-16,4.44089209850063e-16
106,106,S0,-17,7,73270922,VS,0.238926486641486,0.831033781681106,1,68c470317318bc4480188f131f440101,600,0.238926486641486,0.831033781681106,1.11022302462516e-16,2.22044604925031e-16
107,107,S0,-17,8,73270923,VS,0.612374671307905,0.858476967542072,1,eb9b56846711063fa70149f04ffcf280,600,0.612374671307905,0.858476967542072,4.44089209850063e-16,3.33066907387547e-16
108,108,S0,-17,9,73270924,VS,0.452267838509079,0.911200459108746,1,9e07c04fdac72839ad6349f6f0b4e046,600,0.452267838509079,0.911200459108746,2.77555756156289e-16,3.33066907387547e-16
109,109,S0,-17,10,73270925,VS,0.378892264222684,0.771550264946619,1,c644a8a0d7c73ea1134e949ba76ecaac,600,0.378892264222684,0.771550264946619,2.77555756156289e-16,4.44089209850063e-16
110,110,S0,-17,11,73270926,VS,0.275103393452659,0.839151427511349,1,633a2619c45cd5e5d4daf6769769d5c7,600,0.275103393452659,0.839151427511349,3.88578058618805e-16,1.11022302462516e-16
111,111,S0,-17,12,73270927,VS,0.275196259446639,0.929633328266768,1,87287ebce40eebc52ee33348280a8a59,600,0.275196259446639,0.929633328266768,3.33066907387547e-16,3.33066907387547e-16
112,112,S0,-17,13,73270928,VS,0.781398783369313,0.933734921805857,1,45f2c81df943a5684d1140cab02be7a2,600,0.781398783369313,0.933734921805857,4.44089209850063e-16,2.22044604925031e-16
113,113,S0,-17,14,73270929,VS,0.272091706850772,0.716284585732424,1,9f9f90fd1b0511abcc1c4cf69bab51b4,600,0.272091706850772,0.716284585732424,2.22044604925031e-16,1.11022302462516e-16
114,114,S0,-17,15,73270930,VS,0.635897017869492,0.951976600541014,1,13f49f73caec91288edd98fafc1966a0,600,0.635897017869492,0.951976600541014,0,1.11022302462516e-16
115,115,S0,-17,16,73270931,VS,0.356130497191872,0.894762248631447,1,0f014b751be2732d420beaae7d5ae879,600,0.356130497191872,0.894762248631447,1.66533453693773e-16,1.11022302462516e-16
116,116,S0,-17,17,73270932,VS,0.565724106708983,0.957958252329166,1,7f883a50b41673005f86416d46cab93f,600,0.565724106708983,0.957958252329166,4.44089209850063e-16,3.33066907387547e-16
117,117,S0,-17,18,73270933,VS,0.420183638754113,0.852294450177624,1,fbac0350c1000b998e9639f7d003c99d,600,0.420183638754113,0.852294450177624,0,2.22044604925031e-16
118,118,S0,-17,19,73270934,VS,0.234013526475824,0.815879755883309,1,21bc0a6830077794b17e5ff9301015ae,600,0.234013526475824,0.815879755883309,0,0
119,119,S0,-17,20,73270935,VS,0.238931834469905,0.887848097664278,1,09221b18e6db84931669f5db37f4f35e,600,0.238931834469905,0.887848097664278,3.05311331771918e-16,4.44089209850063e-16
120,120,S0,-17,21,73270936,VS,0.468771697805082,0.83087218342333,1,8f2576c8813c03f6f1decb141e68fca3,600,0.468771697805082,0.83087218342333,2.22044604925031e-16,4.44089209850063e-16
121,121,S0,-17,22,73270937,VS,0.416787399816442,0.917009032884477,1,34203a00b2791c5b75152d8f11d3a637,600,0.416787399816442,0.917009032884477,2.22044604925031e-16,4.44089209850063e-16
122,122,S0,-17,23,73270938,VS,0.365649669766783,0.915101578613583,1,fa2f8b9fd01b7cca89d9439ecf7876ce,600,0.365649669766783,0.915101578613583,3.33066907387547e-16,2.22044604925031e-16
123,123,S0,-17,24,73270939,VS,0.518741590673433,0.92577413913615,1,a2f5110cffcbd081419d9a4d9b14dbc1,600,0.518741590673433,0.92577413913615,3.33066907387547e-16,1.11022302462516e-16
124,124,S0,-17,25,73270940,VS,0.48033813845149,0.891761361414016,1,60d693c258a8d0efa9377c96c7d661f5,600,0.48033813845149,0.891761361414016,4.44089209850063e-16,1.11022302462516e-16
125,125,S0,-17,26,73270941,VS,0.577068879870477,0.795004871286557,1,083d336711af0209c175293de9c03be8,600,0.577068879870477,0.795004871286557,4.44089209850063e-16,0
126,126,S0,-17,27,73270942,VS,0.289042314089516,0.76008791685431,1,989fc2c536ce3a6cc4abf57e9e843c30,600,0.289042314089516,0.76008791685431,2.22044604925031e-16,0
127,127,S0,-17,28,73270943,VS,0.600883052175229,0.927396726920478,1,7ef345738457ebf411277590aeb7a04a,600,0.600883052175229,0.927396726920478,2.22044604925031e-16,2.22044604925031e-16
128,128,S0,-17,29,73270944,VS,0.467828762146461,0.948350106091448,1,88ed34e89c480611341ef7d563c9433a,600,0.467828762146461,0.948350106091448,3.33066907387547e-16,0
129,129,S0,-17,30,73270945,VS,0.248563330556022,0.914175841135468,1,1a16b92117b4fd1923ec422e0a782a14,600,0.248563330556022,0.914175841135468,3.33066907387547e-16,3.33066907387547e-16
130,130,S0,-17,31,73270946,VS,0.164735801009001,0.688381133005102,1,972da55e13a3e9b5d3e6e459d1ebe3ae,600,0.164735801009001,0.688381133005102,5.55111512312578e-17,3.33066907387547e-16
131,131,S0,-17,32,73270947,VS,0.362647657110299,0.859394606126328,1,c6345e1f8f1159dd2345b3978c449ad2,600,0.362647657110299,0.859394606126328,2.77555756156289e-16,2.22044604925031e-16
132,132,S0,-17,33,73270948,VS,0.288534899988876,0.743491229066516,1,573297c1a4b6bc0b39bb4d44ab95b2f0,600,0.288534899988876,0.743491229066516,2.77555756156289e-16,1.11022302462516e-16
133,133,S0,-17,34,73270949,VS,0.458357039276358,0.826166037859379,1,4ade46d5ff25f922da51324caf701408,600,0.458357039276358,0.826166037859379,4.44089209850063e-16,3.33066907387547e-16
134,134,S0,-17,35,73270950,VS,0.38893797830517,0.850117739350661,1,d6aebff9229df3258f7431cd1a67d980,600,0.38893797830517,0.850117739350661,3.33066907387547e-16,3.33066907387547e-16
135,135,S0,-17,36,73270951,VS,0.212618034755721,0.874176014509887,1,e49d4edfd46aa683ca58ecc087147673,600,0.212618034755721,0.874176014509887,3.60822483003176e-16,0
136,136,S0,-17,37,73270952,VS,0.214504758097148,0.856301085331598,1,d8d073fba825460cbc5386033a7c7dce,600,0.214504758097148,0.856301085331598,3.60822483003176e-16,2.22044604925031e-16
137,137,S0,-17,38,73270953,VS,0.288389889299073,0.849428644021395,1,46362e212f50633f9af4251d7d24d975,600,0.288389889299073,0.849428644021395,0,4.44089209850063e-16
138,138,S0,-17,39,73270954,VS,0.263560607428886,0.765659871469324,1,077027b60b5b9f3e82444d5058cf90dd,600,0.263560607428886,0.765659871469324,4.44089209850063e-16,0
139,139,S0,-17,40,73270955,VS,0.260905478221533,0.865340040803398,1,beeca7a0a150ca03dc0183494553a370,600,0.260905478221533,0.865340040803398,2.22044604925031e-16,2.22044604925031e-16
140,140,S0,-17,41,73270956,VS,0.467100699167278,0.922490877293809,1,07fcb527152df1e15be8e85dd390d4c5,600,0.467100699167278,0.922490877293809,2.77555756156289e-16,1.11022302462516e-16
141,141,S0,-17,42,73270957,VS,0.224050614952891,0.771701604067086,1,b782f2b33a5241fc85fcad7164ece0a9,600,0.224050614952891,0.771701604067086,3.60822483003176e-16,2.22044604925031e-16
142,142,S0,-17,43,73270958,VS,0.651681445331631,0.943938253914478,1,368627a41a25017d92c78b1f4332bcff,600,0.651681445331631,0.943938253914478,2.22044604925031e-16,2.22044604925031e-16
143,143,S0,-17,44,73270959,VS,0.281794910394163,0.901480034724719,1,60baafc392a00cdba33ddff2c988ffdb,600,0.281794910394163,0.901480034724719,5.55111512312578e-17,3.33066907387547e-16
144,144,S0,-17,45,73270960,VS,0.41838573945989,0.864316120311277,1,f3165285a3808bdf4ff6de0782990d35,600,0.41838573945989,0.864316120311277,1.66533453693773e-16,2.22044604925031e-16
145,145,S0,-17,46,73270961,VS,0.318597851699283,0.899307064516012,1,2542c437fff8aafcf51f3ada494b0468,600,0.318597851699283,0.899307064516012,1.66533453693773e-16,0
146,146,S0,-17,47,73270962,VS,0.374508021657631,0.875156553758576,1,b260f3e8f2d3ef0839c96221c511cb73,600,0.374508021657631,0.875156553758576,3.33066907387547e-16,1.11022302462516e-16
147,147,S0,-17,48,73270963,VS,0.237853395856842,0.758005874312028,1,dadca7c6c2912bacd6ae2448b40a83ae,600,0.237853395856842,0.758005874312028,2.77555756156289e-16,4.44089209850063e-16
148,148,S0,-17,49,73270964,VS,0.261042138569865,0.864049720153537,1,32bbe143251f6780727b80df8766a4dd,600,0.261042138569865,0.864049720153537,5.55111512312578e-17,3.33066907387547e-16
149,149,S0,-17,50,73270965,VS,0.398506561669993,0.821311998518507,1,9134f898c6b12cfec372f40d75d6df63,600,0.398506561669993,0.821311998518507,2.22044604925031e-16,3.33066907387547e-16
150,150,S0,-17,51,73270966,VS,0.374500698618128,0.664737508713057,1,aa1f4654c2e82d6a566157d998670e04,600,0.374500698618128,0.664737508713057,3.88578058618805e-16,1.11022302462516e-16
151,151,S0,-17,52,73270967,VS,0.562773955781691,0.916401106800212,1,7b896c047b51256586387d491a278b88,600,0.562773955781691,0.916401106800212,0,1.11022302462516e-16
152,152,S0,-17,53,73270968,VS,0.441507142099779,0.850506868203943,1,29904f88c62972e7d199e6269be45eb2,600,0.441507142099779,0.850506868203943,4.9960036108132e-16,1.11022302462516e-16
153,153,S0,-17,54,73270969,VS,0.400249382859642,0.864464676157036,1,8be68c8a05adedb682f93c8711f89173,600,0.400249382859642,0.864464676157036,4.44089209850063e-16,0
154,154,S0,-17,55,73270970,VS,0.264313687181904,0.861956294756632,1,8c07dc2c2aac8d80caf3e59ed8cc9437,600,0.264313687181904,0.861956294756632,4.44089209850063e-16,3.33066907387547e-16
155,155,S0,-17,56,73270971,VS,0.224430872429208,0.771456079989337,1,66683f04ec1c066fd3ed57baa496f04c,600,0.224430872429208,0.771456079989337,2.77555756156289e-17,0
156,156,S0,-17,57,73270972,VS,0.30522695796124,0.920970046765231,1,0be1d2b5b8cc7d78052ab21e4923bb21,600,0.30522695796124,0.920970046765231,1.66533453693773e-16,1.11022302462516e-16
157,157,S0,-17,58,73270973,VS,0.375058004376958,0.843859773433255,1,3ee82f17db76f9393bdd74e76ac9ce0d,600,0.375058004376958,0.843859773433255,3.33066907387547e-16,3.33066907387547e-16
158,158,S0,-17,59,73270974,VS,0.425868557952861,0.893424536051916,1,bce2e2b1ef57a37315a255aa6a98ded6,600,0.425868557952861,0.893424536051916,4.44089209850063e-16,2.22044604925031e-16
159,159,S0,-17,60,73270975,VS,0.418711324391478,0.935164296874504,1,b6228f46a169a4cd17923d5d59cb8fb0,600,0.418711324391478,0.935164296874504,3.33066907387547e-16,1.11022302462516e-16
160,160,S0,-17,61,73270976,VS,0.432707307897338,0.964949609677475,1,bfb14ab27cddc34ef6aee42b01bd2bda,600,0.432707307897338,0.964949609677475,2.77555756156289e-16,0
161,161,S0,-17,62,73270977,VS,0.264437168548533,0.816356373690263,1,0cbb3af96c94b96406f37edc87ba5271,600,0.264437168548533,0.816356373690263,0,1.11022302462516e-16
162,162,S0,-17,63,73270978,VS,0.455080485818515,0.912678511425989,1,b8f603be5a86ac278e07d1b7b28ff1f3,600,0.455080485818515,0.912678511425989,1.11022302462516e-16,1.11022302462516e-16
163,163,S0,-17,64,73270979,VS,0.583818267754883,0.86043744127471,1,3682e6033a71322856405ae5a6d86833,600,0.583818267754883,0.86043744127471,1.11022302462516e-16,1.11022302462516e-16
164,164,S0,-17,65,73270980,VS,0.540640916819214,0.953077675785341,1,58a16d2cfd3550c13750d5170eb08e96,600,0.540640916819214,0.953077675785341,0,4.44089209850063e-16
165,165,S0,-17,66,73270981,VS,0.370343860829161,0.95047953353873,1,13d42a413955c86c7d922d1a9328d0d7,600,0.370343860829161,0.95047953353873,4.44089209850063e-16,4.44089209850063e-16
166,166,S0,-17,67,73270982,VS,0.388387800272133,0.872710721458779,1,326aad6477996ca205a15cd8219d9daf,600,0.388387800272133,0.872710721458779,0,0
167,167,S0,-17,68,73270983,VS,0.610471534767238,0.870635220902053,1,cfeef3dc93b6abf55553c3d6f15099c1,600,0.610471534767238,0.870635220902053,0,2.22044604925031e-16
168,168,S0,-17,69,73270984,VS,0.322859811059069,0.945776551744392,1,886775969fa3076b0f5206c4f1aae172,600,0.322859811059069,0.945776551744392,3.33066907387547e-16,1.11022302462516e-16
169,169,S0,-17,70,73270985,VS,0.547732346187318,0.851506432607162,1,584f34a4abffa8a4fcc95be3ec0b08aa,600,0.547732346187318,0.851506432607162,3.33066907387547e-16,3.33066907387547e-16
170,170,S0,-17,71,73270986,VS,0.471238441949387,0.822514283496859,1,28459ecd716938c2a8098e9ae78c87d4,600,0.471238441949387,0.822514283496859,5.55111512312578e-17,3.33066907387547e-16
171,171,S0,-17,72,73270987,VS,0.641075992734858,0.873401786484734,1,458efed2a8d5418b129356c7c82538f5,600,0.641075992734858,0.873401786484734,1.11022302462516e-16,4.44089209850063e-16
172,172,S0,-17,73,73270988,VS,0.415073968117785,0.95228073815331,1,e8177619db5fe48088e0139ae1b892d1,600,0.415073968117785,0.95228073815331,2.77555756156289e-16,3.33066907387547e-16
173,173,S0,-17,74,73270989,VS,0.531040339891436,0.870498052460499,1,c3c606fe2316332efc8a5fdb012e82a9,600,0.531040339891436,0.870498052460499,3.33066907387547e-16,1.11022302462516e-16
174,174,S0,-17,75,73270990,VS,0.376915716457839,0.842994727796436,1,6262592f0c8e91071557049d39e4c5d9,600,0.376915716457839,0.842994727796436,1.11022302462516e-16,1.11022302462516e-16
175,175,S0,-17,76,73270991,VS,0.295264249775261,0.873602373406749,1,844d05dc02af7dc02f56f2bebf2f1ec6,600,0.295264249775261,0.873602373406749,2.77555756156289e-16,1.11022302462516e-16
176,176,S0,-17,77,73270992,VS,0.469789205888795,0.931688926162028,1,b99d84d6769d3833bb9d7ee6221c06a4,600,0.469789205888795,0.931688926162028,2.77555756156289e-16,2.22044604925031e-16
177,177,S0,-17,78,73270993,VS,0.417797016030367,0.961578397273755,1,dcfbc48f4c07e79448530389c0e9006b,600,0.417797016030367,0.961578397273755,1.11022302462516e-16,3.33066907387547e-16
178,178,S0,-17,79,73270994,VS,0.800300197341716,0.933990919652919,1,6eb84f9c7a195705db7ede96f162cbdc,600,0.800300197341716,0.933990919652919,3.33066907387547e-16,3.33066907387547e-16
179,179,S0,-17,80,73270995,VS,0.207201197523135,0.878258741491849,1,4e9994c7157afb92ba5cb90770472f91,600,0.207201197523135,0.878258741491849,2.4980018054066e-16,1.11022302462516e-16
180,180,S0,-17,81,73270996,VS,0.517463058224359,0.850186044047787,1,40a6643c4c16f2aabf109c53b97e22e4,600,0.517463058224359,0.850186044047787,3.33066907387547e-16,3.33066907387547e-16
181,181,S0,-17,82,73270997,VS,0.243670955757123,0.921470747259032,1,006f6c99ece217a49483e0e02748bb20,600,0.243670955757123,0.921470747259032,3.88578058618805e-16,4.44089209850063e-16
182,182,S0,-17,83,73270998,VS,0.721357448728713,0.863674621474172,1,860f445b8fe2a425394faf9148cca58b,600,0.721357448728713,0.863674621474172,2.22044604925031e-16,0
183,183,S0,-17,84,73270999,VS,0.261429083144272,0.706198832100508,1,e09d4a3daf2078456b5699700ed4f8a8,600,0.261429083144272,0.706198832100508,4.44089209850063e-16,3.33066907387547e-16
184,184,S0,-17,85,73271000,VS,0.258670424980074,0.938495180527579,1,7013169b3e711bf9eb75c7cb26b3416c,600,0.258670424980074,0.938495180527579,5.55111512312578e-17,2.22044604925031e-16
185,185,S0,-17,86,73271001,VS,0.317072787498185,0.94852955335459,1,108b141f917a06e967dac623695e9a9e,600,0.317072787498185,0.94852955335459,4.9960036108132e-16,4.44089209850063e-16
186,186,S0,-17,87,73271002,VS,0.345734137417369,0.779732425848556,1,d4021063ca391b58a72c3c4f739c850d,600,0.345734137417369,0.779732425848556,5.55111512312578e-17,0
187,187,S0,-17,88,73271003,VS,0.484929428884772,0.918348519666704,1,0761011ebdc83fcb701e865f587ab695,600,0.484929428884772,0.918348519666704,3.33066907387547e-16,1.11022302462516e-16
188,188,S0,-17,89,73271004,VS,0.406829135782863,0.788811054638321,1,b070dc42d7d51632ac4b64e802672809,600,0.406829135782863,0.788811054638321,1.66533453693773e-16,3.33066907387547e-16
189,189,S0,-17,90,73271005,VS,0.49496336518552,0.9312675280535,1,47f7f32df794b8c770ff1087b8a4d82b,600,0.49496336518552,0.9312675280535,4.44089209850063e-16,2.22044604925031e-16
190,190,S0,-17,91,73271006,VS,0.31060181963714,0.748859662861299,1,808391e2571faf70edf036ecadfc488a,600,0.31060181963714,0.748859662861299,2.22044604925031e-16,3.33066907387547e-16
191,191,S0,-17,92,73271007,VS,0.34720097970064,0.935355715019785,1,47ef6530181a5d5b70c11227da8037fc,600,0.34720097970064,0.935355715019785,3.88578058618805e-16,3.33066907387547e-16
192,192,S0,-17,93,73271008,VS,0.278312129630871,0.929218807167195,1,d3ccc62d1c5a2257395be9b87cde0a23,600,0.278312129630871,0.929218807167195,2.77555756156289e-16,2.22044604925031e-16
193,193,S0,-17,94,73271009,VS,0.593656038985699,0.871831907914066,1,974ef03b42d2254a139f9bdf6df57dee,600,0.593656038985699,0.871831907914066,2.22044604925031e-16,3.33066907387547e-16
194,194,S0,-17,95,73271010,VS,0.432228212088048,0.862355608545359,1,ad19fb98f4f7813404dd430120a3cd28,600,0.432228212088048,0.862355608545359,2.22044604925031e-16,1.11022302462516e-16
195,195,S0,-17,96,73271011,VS,0.367475725996725,0.880189878002034,1,ffbb2a20603540afd544a1d671ceb76b,600,0.367475725996725,0.880189878002034,5.55111512312578e-17,1.11022302462516e-16
196,196,S0,-17,97,73271012,VS,0.350897995835243,0.929425735666781,1,ce68509478ae790269bbdf587a4d0457,600,0.350897995835243,0.929425735666781,3.88578058618805e-16,0
197,197,S0,-17,98,73271013,VS,0.462956046359779,0.892967037161622,1,2d42be6f8cad260d707f50f9f448ecef,600,0.462956046359779,0.892967037161622,2.22044604925031e-16,2.22044604925031e-16
198,198,S0,-17,99,73271014,VS,0.542991611457918,0.912861143130691,1,a74a2ebea938a7c2cc8f44d22c2d6ba2,600,0.542991611457918,0.912861143130691,1.11022302462516e-16,2.22044604925031e-16
199,199,S0,-17,100,73271015,VS,0.478231852958174,0.951914910196857,1,c0970d3291cb8f9fb5d5bf96e65a2652,600,0.478231852958174,0.951914910196857,1.66533453693773e-16,2.22044604925031e-16
200,200,S0,-20,1,73270916,VS,0.00904490770594363,0.00656960264365812,0,50c4e14b6fdd054ef6198e75d9e19a33,600,0.00904490770594363,0.00656960264365812,3.46944695195361e-18,4.33680868994202e-18
201,201,S0,-20,2,73270917,VS,0.0126291926871002,0.0157070460105451,0,b5e7bb3e67c3b9f1c6797a72598d1494,600,0.0126291926871002,0.0157070460105451,3.29597460435593e-17,2.42861286636753e-17
202,202,S0,-20,3,73270918,VS,0.141046422766869,0.665276902116276,1,cb8fda49dbf611b9d49c95e40cd31161,600,0.141046422766869,0.665276902116276,3.60822483003176e-16,2.22044604925031e-16
203,203,S0,-20,4,73270919,VS,0.00818120747982194,0.0140694247138225,0,b53a97846e3c51683faa7ee0590cc790,600,0.00818120747982194,0.0140694247138225,3.46944695195361e-18,6.93889390390723e-18
204,204,S0,-20,5,73270920,VS,0.350514397847444,0.919590773902573,1,b7b4e0e564d37d7dcea18392903fe127,600,0.350514397847444,0.919590773902573,3.33066907387547e-16,3.33066907387547e-16
205,205,S0,-20,6,73270921,VS,0.00731073085272855,0.00727586338261305,0,731726288908adabe0142e807b8a1a0b,600,0.00731073085272855,0.00727586338261305,3.46944695195361e-18,8.67361737988404e-19
206,206,S0,-20,7,73270922,VS,0.0152321166459355,0.0157842968544405,0,620938d33fe82a7f0ba980433d22fee2,600,0.0152321166459355,0.0157842968544405,1.38777878078145e-17,3.81639164714898e-17
207,207,S0,-20,8,73270923,VS,0.0163809898984198,0.0142316280533564,0,8de7974a5a615ccd9cc472fd88e557e4,600,0.0163809898984198,0.0142316280533564,3.12250225675825e-17,4.85722573273506e-17
208,208,S0,-20,9,73270924,VS,0.0100917729850545,0.0142637331397727,0,cece1444009ce0c42f408955e73b00ae,600,0.0100917729850545,0.0142637331397727,1.04083408558608e-17,4.85722573273506e-17
209,209,S0,-20,10,73270925,VS,0.00659867957758499,0.00515216697720305,0,518c7ec0026e1ddcd4baa59cbad68983,600,0.00659867957758499,0.00515216697720305,4.33680868994202e-18,2.60208521396521e-18
210,210,S0,-20,11,73270926,VS,0.0178576704370124,0.0095756407876821,0,23bc26ea389491cc22c5a37b3ad91b43,600,0.0178576704370124,0.0095756407876821,1.38777878078145e-17,1.73472347597681e-18
211,211,S0,-20,12,73270927,VS,0.13606488268812,0.770885762482927,1,ac84cce0f51ea15e234bfa71ecbe0c07,600,0.13606488268812,0.770885762482927,2.77555756156289e-16,3.33066907387547e-16
212,212,S0,-20,13,73270928,VS,0.0097817917880818,0.0142587102653615,0,0f700721138c37274fcfcff2fc212db5,600,0.0097817917880818,0.0142587102653615,3.46944695195361e-18,1.73472347597681e-17
213,213,S0,-20,14,73270929,VS,0.00997237640930459,0.00900879836453649,0,916a7fa9449f0be68c3ad167d5a04572,600,0.00997237640930459,0.00900879836453649,1.73472347597681e-18,5.20417042793042e-18
214,214,S0,-20,15,73270930,VS,0.0125477757063974,0.022135508754245,0,f0cee153ae33d9f1ee612f3f00a92502,600,0.0125477757063974,0.022135508754245,4.85722573273506e-17,4.85722573273506e-17
215,215,S0,-20,16,73270931,VS,0.0171502642691189,0.0120334550492841,0,6881f151e4aa1177dfd57f3edbe86e28,600,0.0171502642691189,0.0120334550492841,4.85722573273506e-17,4.68375338513738e-17
216,216,S0,-20,17,73270932,VS,0.28709445523505,0.695454590333738,1,486d3171341643472e505fd845f16c89,600,0.28709445523505,0.695454590333738,3.33066907387547e-16,4.44089209850063e-16
217,217,S0,-20,18,73270933,VS,0.00931588976788142,0.0163585864102459,0,16b6bb5d3a198056394d159ef26d7201,600,0.00931588976788142,0.0163585864102459,3.46944695195361e-18,4.85722573273506e-17
218,218,S0,-20,19,73270934,VS,0.00607752914546349,0.00796128149765982,0,34d694b3ef99d138fd322be135c12250,600,0.00607752914546349,0.00796128149765982,2.60208521396521e-18,1.73472347597681e-18
219,219,S0,-20,20,73270935,VS,0.00982959914280293,0.0129898335680481,0,16ad4d39ec51d8cd621389f8d46f8d7b,600,0.00982959914280293,0.0129898335680481,1.73472347597681e-18,3.12250225675825e-17
220,220,S0,-20,21,73270936,VS,0.018601216677379,0.0230393194595566,0,d61da3b4252e6f42ea432c358755db23,600,0.018601216677379,0.0230393194595566,3.81639164714898e-17,1.38777878078145e-17
221,221,S0,-20,22,73270937,VS,0.0106705694051041,0.0206547607793723,0,28ac7d3246aadf197ec80c5e351bb00a,600,0.0106705694051041,0.0206547607793723,1.90819582357449e-17,2.08166817117217e-17
222,222,S0,-20,23,73270938,VS,0.0091474100055753,0.0131931573739675,0,fa9ff3eaa7be48edafbbcfeedf3f105e,600,0.0091474100055753,0.0131931573739675,0,2.60208521396521e-17
223,223,S0,-20,24,73270939,VS,0.0108691390582627,0.0105076681541981,0,6b53bbbb451b84ba96897fe6cc2ea6ae,600,0.0108691390582627,0.0105076681541981,3.46944695195361e-18,2.77555756156289e-17
224,224,S0,-20,25,73270940,VS,0.18950331080036,0.581858201814676,1,035e51e6a57336d8d68370448be19cba,600,0.18950331080036,0.581858201814676,5.55111512312578e-17,2.22044604925031e-16
225,225,S0,-20,26,73270941,VS,0.00917925241242821,0.0184142380829346,0,1dca77e79c2c28749a7f043777d5642c,600,0.00917925241242821,0.0184142380829346,0,4.85722573273506e-17
226,226,S0,-20,27,73270942,VS,0.0156641059917443,0.0101964989523493,0,bd323e6182a8bb12373ff001a883d48a,600,0.0156641059917443,0.0101964989523493,2.08166817117217e-17,3.46944695195361e-18
227,227,S0,-20,28,73270943,VS,0.0103978030009271,0.00819302502248764,0,199e6b89a0e3e2a4b6be14c07ff6beb5,600,0.0103978030009271,0.00819302502248764,4.16333634234434e-17,1.73472347597681e-18
228,228,S0,-20,29,73270944,VS,0.00763419717586972,0.010320067398748,0,feb375c1f63adb21562defdde4798b79,600,0.00763419717586972,0.010320067398748,0,2.25514051876985e-17
229,229,S0,-20,30,73270945,VS,0.0139334048474324,0.011297486171084,0,4c42ea1fda34e8f88237708c322de0ac,600,0.0139334048474324,0.011297486171084,2.60208521396521e-17,1.73472347597681e-18
230,230,S0,-20,31,73270946,VS,0.00733428718336752,0.00970003881887031,0,8696c116af509a451939144fb8093a2d,600,0.00733428718336752,0.00970003881887031,8.67361737988404e-19,3.46944695195361e-18
231,231,S0,-20,32,73270947,VS,0.201063484380242,0.7762913627966,1,6b8ed3eb4132b654a5482492f564b041,600,0.201063484380242,0.7762913627966,2.22044604925031e-16,1.11022302462516e-16
232,232,S0,-20,33,73270948,VS,0.00865673082540475,0.018699956892972,0,df4a6631a66cdcfee7e49505c9ccc5a0,600,0.00865673082540475,0.018699956892972,0,1.38777878078145e-17
233,233,S0,-20,34,73270949,VS,0.00897816918370846,0.00613521918614675,0,b1a749904fec8dd9d93c32c46d410c5f,600,0.00897816918370846,0.00613521918614675,1.73472347597681e-18,3.46944695195361e-18
234,234,S0,-20,35,73270950,VS,0.010571899704539,0.0152331301432548,0,02be625ec4212993c7de7c56c4d7ec82,600,0.010571899704539,0.0152331301432548,6.93889390390723e-18,3.12250225675825e-17
235,235,S0,-20,36,73270951,VS,0.0105378340641948,0.0125299619734601,0,ca9d3746c59c25d5ade6b17765e978ab,600,0.0105378340641948,0.0125299619734601,6.93889390390723e-18,1.73472347597681e-18
236,236,S0,-20,37,73270952,VS,0.00827168722145357,0.0107543885967748,0,76910adb7dde497ce9d3364c2d4b4828,600,0.00827168722145357,0.0107543885967748,1.73472347597681e-18,8.67361737988404e-18
237,237,S0,-20,38,73270953,VS,0.0104167241449409,0.0146141132802518,0,b642cffc416cac7c6a9552d448178436,600,0.0104167241449409,0.0146141132802518,1.90819582357449e-17,2.77555756156289e-17
238,238,S0,-20,39,73270954,VS,0.00784359771853014,0.01437838622054,0,e5be19fd4c24dbd1fdc06fde4038774b,600,0.00784359771853014,0.01437838622054,5.20417042793042e-18,5.20417042793042e-18
239,239,S0,-20,40,73270955,VS,0.0134350502018774,0.0173549909862418,0,09b6b0a17ae78fb0586b3e368295a731,600,0.0134350502018774,0.0173549909862418,2.77555756156289e-17,3.46944695195361e-17
240,240,S0,-20,41,73270956,VS,0.00908306054816228,0.0245574526919066,0,19ea0018f534d02da6cb5ab9cd299db2,600,0.00908306054816228,0.0245574526919066,1.73472347597681e-18,4.5102810375397e-17
241,241,S0,-20,42,73270957,VS,0.15127297352554,0.558663168042343,1,c1f9b9cd77a7ff898d7aa2a7df6dbcaf,600,0.15127297352554,0.558663168042343,1.38777878078145e-16,3.33066907387547e-16
242,242,S0,-20,43,73270958,VS,0.00851375707175967,0.0134522343723855,0,710394ca60ff1487cb82eb3208617db3,600,0.00851375707175967,0.0134522343723855,1.73472347597681e-18,4.85722573273506e-17
243,243,S0,-20,44,73270959,VS,0.00782983299171137,0.0134054453612399,0,700d0da511bf62aee2dda86710fa5105,600,0.00782983299171137,0.0134054453612399,1.73472347597681e-18,4.33680868994202e-17
244,244,S0,-20,45,73270960,VS,0.013752084489239,0.0180250199002029,0,77bbb40e341578d5e575ec522970b653,600,0.013752084489239,0.0180250199002029,3.12250225675825e-17,1.04083408558608e-17
245,245,S0,-20,46,73270961,VS,0.00983571445561572,0.0119716610277478,0,680da07d2d0ca3ffb7021b9866147073,600,0.00983571445561572,0.0119716610277478,1.73472347597681e-18,3.46944695195361e-17
246,246,S0,-20,47,73270962,VS,0.188657746028254,0.816580162883433,1,38d3cfa9aee765f1c384d0c4a014765b,600,0.188657746028254,0.816580162883433,3.33066907387547e-16,1.11022302462516e-16
247,247,S0,-20,48,73270963,VS,0.301424325308686,0.491921372029423,1,cc464eae970b4352c2ad1067a924aade,600,0.301424325308686,0.491921372029423,3.88578058618805e-16,3.88578058618805e-16
248,248,S0,-20,49,73270964,VS,0.015746874274674,0.00694064580840318,0,a4139fc7751da20dbd4fc96711656d71,600,0.015746874274674,0.00694064580840318,3.81639164714898e-17,4.33680868994202e-18
249,249,S0,-20,50,73270965,VS,0.0106563740371227,0.0274001673673886,0,46a11d94629cc195c301b8c62436f1fb,600,0.0106563740371227,0.0274001673673886,1.04083408558608e-17,3.81639164714898e-17
250,250,S0,-20,51,73270966,VS,0.00930021988585042,0.00853558001411713,0,02459714bce0fbcfe7731d96633fa4ac,600,0.00930021988585042,0.00853558001411713,1.73472347597681e-18,3.46944695195361e-18
251,251,S0,-20,52,73270967,VS,0.0155037440665487,0.00778404666871905,0,e0a53b35910bbaae71eaee3dc2f7d6a4,600,0.0155037440665487,0.00778404666871905,4.16333634234434e-17,8.67361737988404e-19
252,252,S0,-20,53,73270968,VS,0.0107447079048803,0.0154411878028624,0,4580219170a4d63ad1d9a268daecb880,600,0.0107447079048803,0.0154411878028624,3.46944695195361e-17,1.90819582357449e-17
253,253,S0,-20,54,73270969,VS,0.00782552219195956,0.00949703714978365,0,71a6887bd47e4a724861f3c9d02e28d2,600,0.00782552219195956,0.00949703714978365,0,0
254,254,S0,-20,55,73270970,VS,0.0135921216573155,0.00938796139013075,0,d3192656955bde39407ac1bc09fc8aa4,600,0.0135921216573155,0.00938796139013075,3.29597460435593e-17,1.73472347597681e-18
255,255,S0,-20,56,73270971,VS,0.0134871737316626,0.0255751715772264,0,abc091a2b20e1bbca461c217db2af1af,600,0.0134871737316626,0.0255751715772264,2.94902990916057e-17,4.85722573273506e-17
256,256,S0,-20,57,73270972,VS,0.0124289729550286,0.0159120837095836,0,41afc15b35629eef834f933487642721,600,0.0124289729550286,0.0159120837095836,1.21430643318376e-17,3.46944695195361e-18
257,257,S0,-20,58,73270973,VS,0.0101103691021043,0.0204436278204458,0,6a3a3007f19ad1898bc35f54cbdc0f88,600,0.0101103691021043,0.0204436278204458,2.25514051876985e-17,6.93889390390723e-18
258,258,S0,-20,59,73270974,VS,0.222248537275958,0.625605660733168,1,e5c82752ba2633b01f2896db958faae6,600,0.222248537275958,0.625605660733168,4.16333634234434e-16,0
259,259,S0,-20,60,73270975,VS,0.00990663521331612,0.00702505981019627,0,c0db72bf60112751072dce15c928bd21,600,0.00990663521331612,0.00702505981019627,1.73472347597681e-18,8.67361737988404e-19
260,260,S0,-20,61,73270976,VS,0.00874326644509466,0.0146217757009061,0,47686816f0b5d21903cc930d36cc2806,600,0.00874326644509466,0.0146217757009061,1.73472347597681e-18,6.93889390390723e-18
261,261,S0,-20,62,73270977,VS,0.00848860672555347,0.00758798290797772,0,b3b010051087eca08b1980dd2100b3d5,600,0.00848860672555347,0.00758798290797772,1.73472347597681e-18,4.33680868994202e-18
262,262,S0,-20,63,73270978,VS,0.012353769383957,0.0234632835132713,0,f6b259378f7f615eeda7e1d66e4a98b3,600,0.012353769383957,0.0234632835132713,4.33680868994202e-17,6.93889390390723e-18
263,263,S0,-20,64,73270979,VS,0.0102881743462806,0.0102688126899998,0,b6e0494e80f761ee91c8393000f2dff4,600,0.0102881743462806,0.0102688126899998,4.16333634234434e-17,2.08166817117217e-17
264,264,S0,-20,65,73270980,VS,0.00896373178064971,0.025473753354691,0,334bdf0981af7d64df85382ea59a620e,600,0.00896373178064971,0.025473753354691,3.46944695195361e-18,4.85722573273506e-17
265,265,S0,-20,66,73270981,VS,0.0105913618912233,0.00878095089450128,0,78fe40b0a329eeb1f1000945462facd0,600,0.0105913618912233,0.00878095089450128,5.20417042793042e-18,3.46944695195361e-18
266,266,S0,-20,67,73270982,VS,0.0152524060906313,0.0317567197808588,0,5123d73eebc8f667187cd1caa51aa592,600,0.0152524060906313,0.0317567197808588,3.81639164714898e-17,6.93889390390723e-18
267,267,S0,-20,68,73270983,VS,0.011011464933594,0.0337897967165457,0,9c23f11be4ec188f35fc43856f9c597d,600,0.011011464933594,0.0337897967165457,1.73472347597681e-17,2.77555756156289e-17
268,268,S0,-20,69,73270984,VS,0.00833003074914018,0.013867906496351,0,1ea316d3d39b0c24f321ecbe14f0432c,600,0.00833003074914018,0.013867906496351,0,1.90819582357449e-17
269,269,S0,-20,70,73270985,VS,0.00866490626484345,0.0127999174092303,0,c98f7fb475d2fc17b93136899d5b2817,600,0.00866490626484345,0.0127999174092303,5.20417042793042e-18,0
270,270,S0,-20,71,73270986,VS,0.0131584086421925,0.00977217910338915,0,8dfd20c70e3bffe1fa5824de3493101e,600,0.0131584086421925,0.00977217910338915,4.16333634234434e-17,0
271,271,S0,-20,72,73270987,VS,0.0118914857676482,0.013753509275872,0,b4f1be3e2b50a17f1e2273623ba8b4e9,600,0.0118914857676482,0.013753509275872,6.93889390390723e-18,3.64291929955129e-17
272,272,S0,-20,73,73270988,VS,0.00939153108505778,0.0195421515063982,0,d5da590749f3d6fe7dba0779f535c9a7,600,0.00939153108505778,0.0195421515063982,1.73472347597681e-18,4.5102810375397e-17
273,273,S0,-20,74,73270989,VS,0.0153197176913466,0.0207732205079803,0,3538bed9c218eb6707c3ef065f729c75,600,0.0153197176913466,0.0207732205079803,4.85722573273506e-17,1.04083408558608e-17
274,274,S0,-20,75,73270990,VS,0.00853203705846777,0.00947621266517542,0,096b74042e7c976a67ba2bb35bd43dd1,600,0.00853203705846777,0.00947621266517542,0,1.73472347597681e-18
275,275,S0,-20,76,73270991,VS,0.0124695494374236,0.0121041745191067,0,ce59f85f1ff9b89d0ca1b18516f97366,600,0.0124695494374236,0.0121041745191067,5.20417042793042e-18,2.08166817117217e-17
276,276,S0,-20,77,73270992,VS,0.143547272614838,0.719614650331001,1,c3a1ff2e840e8b6276f2cd9d175e63f4,600,0.143547272614838,0.719614650331001,1.94289029309402e-16,1.11022302462516e-16
277,277,S0,-20,78,73270993,VS,0.0120601778011327,0.0123880362698954,0,ff63ecea563dec5c91b4ca2c369ea9eb,600,0.0120601778011327,0.0123880362698954,2.60208521396521e-17,1.73472347597681e-18
278,278,S0,-20,79,73270994,VS,0.410690821191799,0.892705832426725,1,2175293affdb8b07e55e75a1fe0d3abe,600,0.410690821191799,0.892705832426725,3.88578058618805e-16,3.33066907387547e-16
279,279,S0,-20,80,73270995,VS,0.0120624802494759,0.019309098019836,0,8cc5b7b34e01c6a4eb4e1c347805e540,600,0.0120624802494759,0.019309098019836,1.38777878078145e-17,1.38777878078145e-17
280,280,S0,-20,81,73270996,VS,0.0089422050654523,0.00634024927599557,0,6a4578aa6719ba8f8609ac954fe0b93b,600,0.0089422050654523,0.00634024927599557,0,1.73472347597681e-18
281,281,S0,-20,82,73270997,VS,0.00873445057127688,0.0108775210782515,0,bc38b01981d90646f52a8ed11592f47c,600,0.00873445057127688,0.0108775210782515,5.20417042793042e-18,1.38777878078145e-17
282,282,S0,-20,83,73270998,VS,0.0095769467556285,0.0238729264443564,0,d8024c59bc7b099dc344ef4123d4a686,600,0.0095769467556285,0.0238729264443564,3.46944695195361e-18,3.46944695195361e-17
283,283,S0,-20,84,73270999,VS,0.0112216799498769,0.00883004545069917,0,e956f01bc6f21e28fa3b42c2d4fd1c95,600,0.0112216799498769,0.00883004545069917,3.98986399474666e-17,1.73472347597681e-18
284,284,S0,-20,85,73271000,VS,0.00958405896633701,0.0122377815680147,0,be70d7a7f342d48726a2e5db0e2f8c9e,600,0.00958405896633701,0.0122377815680147,0,3.46944695195361e-17
285,285,S0,-20,86,73271001,VS,0.0124559886261927,0.0134106638562552,0,e4b25b6a0e62b9ff9e2f55060ff3d576,600,0.0124559886261927,0.0134106638562552,3.29597460435593e-17,1.56125112837913e-17
286,286,S0,-20,87,73271002,VS,0.010567093393538,0.00961810623651073,0,86192bd3a9e103e423799dc41a5d9126,600,0.010567093393538,0.00961810623651073,3.12250225675825e-17,0
287,287,S0,-20,88,73271003,VS,0.0115405026606279,0.00954527415514583,0,e8ee9a453741b765841b89f67cd2922f,600,0.0115405026606279,0.00954527415514583,3.46944695195361e-17,3.46944695195361e-18
288,288,S0,-20,89,73271004,VS,0.0105165907492979,0.0169873933405623,0,a8e9dd08cb18bcca844fe41cf06f3197,600,0.0105165907492979,0.0169873933405623,1.04083408558608e-17,3.12250225675825e-17
289,289,S0,-20,90,73271005,VS,0.277085564079165,0.751195553751353,1,0c5240897b6152052676cecee50d9b14,600,0.277085564079165,0.751195553751353,1.11022302462516e-16,3.33066907387547e-16
290,290,S0,-20,91,73271006,VS,0.0105607607104891,0.014253929205014,0,c13e29953cedb430d883ef3a0dad7e76,600,0.0105607607104891,0.014253929205014,8.67361737988404e-18,8.67361737988404e-18
291,291,S0,-20,92,73271007,VS,0.0154845313433488,0.00909657169842745,0,43b14df56ad4c7980e70bc9fa429c9de,600,0.0154845313433488,0.00909657169842745,3.64291929955129e-17,3.46944695195361e-18
292,292,S0,-20,93,73271008,VS,0.00819397800302607,0.0225381803844913,0,89a20497a4bd06525a32c564965af685,600,0.00819397800302607,0.0225381803844913,1.73472347597681e-18,4.5102810375397e-17
293,293,S0,-20,94,73271009,VS,0.239899643000701,0.680344857361264,1,54e6b42b57a9499685ed909ffe495ea2,600,0.239899643000701,0.680344857361264,2.4980018054066e-16,1.11022302462516e-16
294,294,S0,-20,95,73271010,VS,0.129911111653735,0.665118266030494,1,16ee04fc32c82dbaff0c95ed02fbdd5f,600,0.129911111653735,0.665118266030494,5.55111512312578e-17,0
295,295,S0,-20,96,73271011,VS,0.219771036472185,0.45680374799151,1,d28e014c833d2e3d5d063dea1efe65b6,600,0.219771036472185,0.45680374799151,1.38777878078145e-16,2.22044604925031e-16
296,296,S0,-20,97,73271012,VS,0.0101684201097959,0.0176858011481489,0,b16052affc9c0aca9f8e56da4b6abfdb,600,0.0101684201097959,0.0176858011481489,3.12250225675825e-17,2.77555756156289e-17
297,297,S0,-20,98,73271013,VS,0.0125202703208632,0.00991126727684987,0,2803726cf4468a280707c4f1fa30c962,600,0.0125202703208632,0.00991126727684987,3.98986399474666e-17,3.46944695195361e-18
298,298,S0,-20,99,73271014,VS,0.24171953210496,0.693419833049741,1,22bc9ca7cfdc33baefd51826c040ff1b,600,0.24171953210496,0.693419833049741,3.05311331771918e-16,1.11022302462516e-16
299,299,S0,-20,100,73271015,VS,0.173631036347822,0.749355879577889,1,65aed92cc88b8c7ca594981cd5aa85eb,600,0.173631036347822,0.749355879577889,0,4.44089209850063e-16
300,300,S2,-14,1,73290916,VS,0.625681327202783,0.799159337191024,1,8ad2d056fab6d251a1f402c0af2603fe,600,0.625681327202783,0.799159337191024,0,4.44089209850063e-16
301,301,S2,-14,2,73290917,VS,0.663917912155202,0.823158438312864,1,ff3be1fc969e45839bd9e7d319e0b685,600,0.663917912155202,0.823158438312864,1.11022302462516e-16,4.44089209850063e-16
302,302,S2,-14,3,73290918,VS,0.343083132115372,0.821760475544163,1,8724505c63162efd59641358d378cee8,600,0.343083132115372,0.821760475544163,3.88578058618805e-16,3.33066907387547e-16
303,303,S2,-14,4,73290919,VS,0.440863784408596,0.832295085242009,1,995fd7158182a486cbc037a175e40038,600,0.440863784408596,0.832295085242009,3.88578058618805e-16,3.33066907387547e-16
304,304,S2,-14,5,73290920,VS,0.597146575663737,0.852024836424868,1,ffafb0817cc17f4b62f8524353a9f040,600,0.597146575663737,0.852024836424868,3.33066907387547e-16,4.44089209850063e-16
305,305,S2,-14,6,73290921,VS,0.697476445685016,0.87922142218494,1,e64f5a72866c18458a48a38850efe111,600,0.697476445685016,0.87922142218494,4.44089209850063e-16,4.44089209850063e-16
306,306,S2,-14,7,73290922,VS,0.789639987865784,0.865670164452679,1,3ad32a054b868b00d2d1bdcbd06e2b43,600,0.789639987865784,0.865670164452679,2.22044604925031e-16,3.33066907387547e-16
307,307,S2,-14,8,73290923,VS,0.352341688016194,0.795945109422027,1,f3309e20ac187fc084da19fa51d38208,600,0.352341688016194,0.795945109422027,1.11022302462516e-16,4.44089209850063e-16
308,308,S2,-14,9,73290924,VS,0.602560721478627,0.780273350022679,1,973a3403b6fa49c6711338c3db43562c,600,0.602560721478627,0.780273350022679,4.44089209850063e-16,2.22044604925031e-16
309,309,S2,-14,10,73290925,VS,0.656781529142721,0.812190073924539,1,29361c67c309ce2d0b123ad583ef053e,600,0.656781529142721,0.812190073924539,3.33066907387547e-16,4.44089209850063e-16
310,310,S2,-14,11,73290926,VS,0.6667180143054,0.862418919195764,1,8e9a7902f3e8dc7adabaeb29f44aaae8,600,0.6667180143054,0.862418919195764,1.11022302462516e-16,1.11022302462516e-16
311,311,S2,-14,12,73290927,VS,0.607228804576191,0.808988546966313,1,808ac257d205c1583a90279ff5b20896,600,0.607228804576191,0.808988546966313,1.11022302462516e-16,2.22044604925031e-16
312,312,S2,-14,13,73290928,VS,0.805946418190439,0.878791020844943,1,11a588258ca410dd2ab99d13367c1797,600,0.805946418190439,0.878791020844943,3.33066907387547e-16,4.44089209850063e-16
313,313,S2,-14,14,73290929,VS,0.625577987398552,0.815855918084649,1,84e846ff471dd4716ad025550c98ae42,600,0.625577987398552,0.815855918084649,0,1.11022302462516e-16
314,314,S2,-14,15,73290930,VS,0.402170514166922,0.869100984758966,1,262424b68acdc8e230efd305791920f9,600,0.402170514166922,0.869100984758966,3.33066907387547e-16,0
315,315,S2,-14,16,73290931,VS,0.534641771460119,0.839066133604161,1,5c8b3934480899ab301255c94fdafcb1,600,0.534641771460119,0.839066133604161,1.11022302462516e-16,4.44089209850063e-16
316,316,S2,-14,17,73290932,VS,0.796298823763689,0.841994057793689,1,060f7a87e6ab0d67c766d401ce697a9d,600,0.796298823763689,0.841994057793689,4.44089209850063e-16,4.44089209850063e-16
317,317,S2,-14,18,73290933,VS,0.619078542407785,0.870354118783199,1,3fd1739c366c4a90691242cafd13dd8f,600,0.619078542407785,0.870354118783199,0,3.33066907387547e-16
318,318,S2,-14,19,73290934,VS,0.40452188062656,0.838442483772455,1,077956ef83f9eff40c4dc155c155a104,600,0.40452188062656,0.838442483772455,5.55111512312578e-17,2.22044604925031e-16
319,319,S2,-14,20,73290935,VS,0.679573261106087,0.855912576423297,1,a0c4584048c38897d69574f418ee2bcf,600,0.679573261106087,0.855912576423297,2.22044604925031e-16,0
320,320,S2,-14,21,73290936,VS,0.507468469108748,0.820716414919139,1,5b432c1cd5dacd27aeb1106569c9b5aa,600,0.507468469108748,0.820716414919139,2.22044604925031e-16,4.44089209850063e-16
321,321,S2,-14,22,73290937,VS,0.744140246074217,0.858760597366454,1,9128d372c5c2be2537bfbbf1ec708134,600,0.744140246074217,0.858760597366454,2.22044604925031e-16,4.44089209850063e-16
322,322,S2,-14,23,73290938,VS,0.695643320680786,0.861456882181825,1,65f123a5f233b22ea92cbc27574c3903,600,0.695643320680786,0.861456882181825,1.11022302462516e-16,2.22044604925031e-16
323,323,S2,-14,24,73290939,VS,0.784691065696417,0.880346878586588,1,7e4552c0fb9c02d0b1af32d3f40bad35,600,0.784691065696417,0.880346878586588,1.11022302462516e-16,1.11022302462516e-16
324,324,S2,-14,25,73290940,VS,0.663178102991449,0.846086542278058,1,c66d1af4783990a14d343d805957b3f4,600,0.663178102991449,0.846086542278058,4.44089209850063e-16,2.22044604925031e-16
325,325,S2,-14,26,73290941,VS,0.666315623786238,0.815909807226274,1,dc8379cb9b04c2dc718b3eaa29fe07ef,600,0.666315623786238,0.815909807226274,1.11022302462516e-16,3.33066907387547e-16
326,326,S2,-14,27,73290942,VS,0.699218385697984,0.886309150357791,1,7ba5533947d21adaba8d7d38ff47c390,600,0.699218385697984,0.886309150357791,4.44089209850063e-16,3.33066907387547e-16
327,327,S2,-14,28,73290943,VS,0.781126458460238,0.847097720995018,1,ef9a18f1fe26563875695b3774ec9599,600,0.781126458460238,0.847097720995018,1.11022302462516e-16,3.33066907387547e-16
328,328,S2,-14,29,73290944,VS,0.761190352598592,0.790498347208326,1,91b9854ace26ff404cb51b11ccf4c9b2,600,0.761190352598592,0.790498347208326,3.33066907387547e-16,3.33066907387547e-16
329,329,S2,-14,30,73290945,VS,0.621544047771323,0.812125158034572,1,826ce37e3f01771d809c3a0fddb05107,600,0.621544047771323,0.812125158034572,4.44089209850063e-16,3.33066907387547e-16
330,330,S2,-14,31,73290946,VS,0.856509937672098,0.890621795324566,1,da7a6104989f139950cf88cb22cdeef8,600,0.856509937672098,0.890621795324566,4.44089209850063e-16,1.11022302462516e-16
331,331,S2,-14,32,73290947,VS,0.750846882996527,0.855430852363955,1,610a5f6ab4e43930f543a10245b72724,600,0.750846882996527,0.855430852363955,3.33066907387547e-16,1.11022302462516e-16
332,332,S2,-14,33,73290948,VS,0.686171793989755,0.868617172152376,1,24597b413c68a6669c9f21bc868357ed,600,0.686171793989755,0.868617172152376,1.11022302462516e-16,3.33066907387547e-16
333,333,S2,-14,34,73290949,VS,0.73176061945695,0.839451874989756,1,c97932ec439ab765971889d01c802ad3,600,0.73176061945695,0.839451874989756,2.22044604925031e-16,1.11022302462516e-16
334,334,S2,-14,35,73290950,VS,0.61468803975897,0.856021721320711,1,b32fa42227bdf4b604b8084ef4ee1a50,600,0.61468803975897,0.856021721320711,1.11022302462516e-16,3.33066907387547e-16
335,335,S2,-14,36,73290951,VS,0.491687352747674,0.818888623822982,1,7ff50bf53d8aac524e3ea57a071740df,600,0.491687352747674,0.818888623822982,2.77555756156289e-16,2.22044604925031e-16
336,336,S2,-14,37,73290952,VS,0.604241520573969,0.783125603115188,1,4531c7c9bfc47772f04299317b594c3c,600,0.604241520573969,0.783125603115188,2.22044604925031e-16,1.11022302462516e-16
337,337,S2,-14,38,73290953,VS,0.664641029033734,0.865532858834104,1,bb4ef93093b1a6c2f2c2e60c6298ae3f,600,0.664641029033734,0.865532858834104,1.11022302462516e-16,1.11022302462516e-16
338,338,S2,-14,39,73290954,VS,0.666608949463024,0.841398502683325,1,f2c8f7914f6858628c18fe47746ba0bd,600,0.666608949463024,0.841398502683325,2.22044604925031e-16,0
339,339,S2,-14,40,73290955,VS,0.706389195383743,0.865141340960835,1,155cbea604a1673fd3fcf48b00d73f9f,600,0.706389195383743,0.865141340960835,1.11022302462516e-16,2.22044604925031e-16
340,340,S2,-14,41,73290956,VS,0.759137582174109,0.864272723629746,1,69ecdba1ac3401d2297b6bf9d2eb6db9,600,0.759137582174109,0.864272723629746,1.11022302462516e-16,4.44089209850063e-16
341,341,S2,-14,42,73290957,VS,0.607849994712273,0.816970080892936,1,3b2705e33bd866651b1aca1ef0f971d6,600,0.607849994712273,0.816970080892936,2.22044604925031e-16,1.11022302462516e-16
342,342,S2,-14,43,73290958,VS,0.724011467320067,0.826206749316266,1,ea7eacd099d330d303dfc183a61972c9,600,0.724011467320067,0.826206749316266,4.44089209850063e-16,2.22044604925031e-16
343,343,S2,-14,44,73290959,VS,0.808891776464459,0.839922530862694,1,56cc1cb7567cc2082cd004b81ffd218d,600,0.808891776464459,0.839922530862694,2.22044604925031e-16,1.11022302462516e-16
344,344,S2,-14,45,73290960,VS,0.395652700908886,0.807914409560868,1,a2eca4003dcb1be2d062c16651d6a78e,600,0.395652700908886,0.807914409560868,3.33066907387547e-16,4.44089209850063e-16
345,345,S2,-14,46,73290961,VS,0.770818742788912,0.855882806698756,1,14940cc543251dd5e4decf0867247b54,600,0.770818742788912,0.855882806698756,4.44089209850063e-16,1.11022302462516e-16
346,346,S2,-14,47,73290962,VS,0.752712665672184,0.858410702734442,1,57039f994fa207efe980fa5ac4b28150,600,0.752712665672184,0.858410702734442,0,2.22044604925031e-16
347,347,S2,-14,48,73290963,VS,0.636379157846494,0.856135797774617,1,44b65144cb0b3635395c4f9aa734f6ba,600,0.636379157846494,0.856135797774617,1.11022302462516e-16,1.11022302462516e-16
348,348,S2,-14,49,73290964,VS,0.797043739204261,0.844267032100262,1,47c78b124464cfbb462142e66a83803a,600,0.797043739204261,0.844267032100262,3.33066907387547e-16,4.44089209850063e-16
349,349,S2,-14,50,73290965,VS,0.694514233464239,0.871778955201508,1,d5491414a758778ac805f4eedb239ce7,600,0.694514233464239,0.871778955201508,3.33066907387547e-16,2.22044604925031e-16
350,350,S2,-14,51,73290966,VS,0.636565215116903,0.820944551752327,1,21d3446526f825c6ee061caa7c8ea0ac,600,0.636565215116903,0.820944551752327,2.22044604925031e-16,2.22044604925031e-16
351,351,S2,-14,52,73290967,VS,0.543319389833144,0.832533318921189,1,ab749bc6ae8bbb31b2cef260f7f3aa97,600,0.543319389833144,0.832533318921189,3.33066907387547e-16,2.22044604925031e-16
352,352,S2,-14,53,73290968,VS,0.647655186142943,0.870596517103349,1,33bf21be3f14d44c9c7d41a45b1faefc,600,0.647655186142943,0.870596517103349,1.11022302462516e-16,0
353,353,S2,-14,54,73290969,VS,0.765451487993773,0.853437616223718,1,b9cb0a4667e395f3581e1c93a3c1b176,600,0.765451487993773,0.853437616223718,1.11022302462516e-16,1.11022302462516e-16
354,354,S2,-14,55,73290970,VS,0.663531100264327,0.858558478709109,1,f9e8376f8f40d15ee1a1cf10c860d637,600,0.663531100264327,0.858558478709109,3.33066907387547e-16,2.22044604925031e-16
355,355,S2,-14,56,73290971,VS,0.513158112655457,0.82990862464905,1,0d887b3329a680bdbf716936831b4826,600,0.513158112655457,0.82990862464905,3.33066907387547e-16,1.11022302462516e-16
356,356,S2,-14,57,73290972,VS,0.509728583294879,0.815756940458203,1,bd7c54b63ad97a7fa8304ea19c1ba731,600,0.509728583294879,0.815756940458203,3.33066907387547e-16,2.22044604925031e-16
357,357,S2,-14,58,73290973,VS,0.593090693961963,0.847131050226987,1,39a98644e56bb3dcb66a959fa2a6ca42,600,0.593090693961963,0.847131050226987,3.33066907387547e-16,1.11022302462516e-16
358,358,S2,-14,59,73290974,VS,0.840392927430971,0.879987761160873,1,7551c5d184109bed6f5777b61f30438e,600,0.840392927430971,0.879987761160873,4.44089209850063e-16,0
359,359,S2,-14,60,73290975,VS,0.757156741410555,0.845922887050922,1,b406a04722d9bca04955b7e988804812,600,0.757156741410555,0.845922887050922,4.44089209850063e-16,0
360,360,S2,-14,61,73290976,VS,0.714244041069117,0.850375778991679,1,4960a7a8f08c1e9c8835a13683bd91a9,600,0.714244041069117,0.850375778991679,2.22044604925031e-16,2.22044604925031e-16
361,361,S2,-14,62,73290977,VS,0.76774856399044,0.836827263603064,1,9be3483661432985de6bc44daa1600f7,600,0.76774856399044,0.836827263603064,1.11022302462516e-16,3.33066907387547e-16
362,362,S2,-14,63,73290978,VS,0.640323987091916,0.874616233832524,1,4511505df332f8637dac84ca1f84335c,600,0.640323987091916,0.874616233832524,4.44089209850063e-16,3.33066907387547e-16
363,363,S2,-14,64,73290979,VS,0.75841165093433,0.868886927708122,1,da0574ad227cb27d8edaf71f0e312d6c,600,0.75841165093433,0.868886927708122,3.33066907387547e-16,3.33066907387547e-16
364,364,S2,-14,65,73290980,VS,0.477729570320805,0.822374614982263,1,2eb3b4fdca1da8566c0d37ac39ede023,600,0.477729570320805,0.822374614982263,1.66533453693773e-16,3.33066907387547e-16
365,365,S2,-14,66,73290981,VS,0.37404141695043,0.84126294862589,1,8516a3e14915556b5ed5ed25bdb3ebf4,600,0.37404141695043,0.84126294862589,3.33066907387547e-16,2.22044604925031e-16
366,366,S2,-14,67,73290982,VS,0.572329459235955,0.836233806002742,1,add5390b622d6c1fdc3d62d01aa9aa28,600,0.572329459235955,0.836233806002742,4.44089209850063e-16,4.44089209850063e-16
367,367,S2,-14,68,73290983,VS,0.62599698298814,0.864856814272928,1,6d758f7f343d9f8e4d45171bf0818df8,600,0.62599698298814,0.864856814272928,1.11022302462516e-16,4.44089209850063e-16
368,368,S2,-14,69,73290984,VS,0.753841937926488,0.797417400707152,1,3ad4af9b8a71ac76722ee3f697ada658,600,0.753841937926488,0.797417400707152,1.11022302462516e-16,2.22044604925031e-16
369,369,S2,-14,70,73290985,VS,0.725586331274625,0.87653912841117,1,4219ad6021f6f13ebc95c88973a3696c,600,0.725586331274625,0.87653912841117,0,4.44089209850063e-16
370,370,S2,-14,71,73290986,VS,0.815073982916441,0.781829204518989,1,f1ebbb24604764b1993eed434e0c9cf3,600,0.815073982916441,0.781829204518989,4.44089209850063e-16,4.44089209850063e-16
371,371,S2,-14,72,73290987,VS,0.617885057154847,0.801269612078347,1,372f190fd5a24d0ab6ed04a32003c57a,600,0.617885057154847,0.801269612078347,2.22044604925031e-16,1.11022302462516e-16
372,372,S2,-14,73,73290988,VS,0.661778930172594,0.838548419499446,1,7feb354460421b92565a9b8a68e2442b,600,0.661778930172594,0.838548419499446,2.22044604925031e-16,3.33066907387547e-16
373,373,S2,-14,74,73290989,VS,0.634987545485448,0.857896209448074,1,1d1d636de4d2e8c7e190e228c2e2ef7f,600,0.634987545485448,0.857896209448074,4.44089209850063e-16,0
374,374,S2,-14,75,73290990,VS,0.79508715207033,0.85290174817998,1,6b5e84f3c18e5c224e6280ab676b6e6e,600,0.79508715207033,0.85290174817998,2.22044604925031e-16,1.11022302462516e-16
375,375,S2,-14,76,73290991,VS,0.728246462235168,0.838562691389143,1,a092b2847dfe55c9a4bf64a1275c8863,600,0.728246462235168,0.838562691389143,3.33066907387547e-16,2.22044604925031e-16
376,376,S2,-14,77,73290992,VS,0.575961497328842,0.811333269479095,1,83140f98e5d30d36d5706a9b149fdde1,600,0.575961497328842,0.811333269479095,3.33066907387547e-16,4.44089209850063e-16
377,377,S2,-14,78,73290993,VS,0.647078214229129,0.864530605584348,1,a3af7cfd662676efd0be21a3a6f0a7a7,600,0.647078214229129,0.864530605584348,4.44089209850063e-16,1.11022302462516e-16
378,378,S2,-14,79,73290994,VS,0.842518887528768,0.884043976598435,1,598588ec97570851ea59afd3a4fd6dd3,600,0.842518887528768,0.884043976598435,4.44089209850063e-16,4.44089209850063e-16
379,379,S2,-14,80,73290995,VS,0.795716508198278,0.850682275261259,1,df91e4f63a17d92f138f591ae8fa6ade,600,0.795716508198278,0.850682275261259,3.33066907387547e-16,4.44089209850063e-16
380,380,S2,-14,81,73290996,VS,0.787970414483194,0.808777763873748,1,e45b7b1833061c614017c3a7f1c36a75,600,0.787970414483194,0.808777763873748,2.22044604925031e-16,3.33066907387547e-16
381,381,S2,-14,82,73290997,VS,0.728437382498272,0.874999249685461,1,460aa65645270ce34948d7b2e4628622,600,0.728437382498272,0.874999249685461,2.22044604925031e-16,2.22044604925031e-16
382,382,S2,-14,83,73290998,VS,0.54430083401998,0.816355579806561,1,313f708cdaa71a9f896e382344fbb1ab,600,0.54430083401998,0.816355579806561,0,2.22044604925031e-16
383,383,S2,-14,84,73290999,VS,0.70085841551047,0.815738964806892,1,d05ae3c80807cce1042784c46c7dda4b,600,0.70085841551047,0.815738964806892,0,3.33066907387547e-16
384,384,S2,-14,85,73291000,VS,0.726633456299145,0.852292571302831,1,0b8d432b8ecc53a47da194072b2508ba,600,0.726633456299145,0.852292571302831,2.22044604925031e-16,2.22044604925031e-16
385,385,S2,-14,86,73291001,VS,0.821696629215716,0.855818567971216,1,fccc70772cb3823158875c977a45fb01,600,0.821696629215716,0.855818567971216,2.22044604925031e-16,3.33066907387547e-16
386,386,S2,-14,87,73291002,VS,0.545452627301599,0.749243372330789,1,3fcc41e337285e7a134cf6c02df2655d,600,0.545452627301599,0.749243372330789,0,1.11022302462516e-16
387,387,S2,-14,88,73291003,VS,0.681048849197619,0.813653689258624,1,3caa83c8c3f0dbaf0daef9a7dc02a307,600,0.681048849197619,0.813653689258624,2.22044604925031e-16,4.44089209850063e-16
388,388,S2,-14,89,73291004,VS,0.794404940349607,0.886193842003696,1,1cb0d70f27668bb7d60ab784ed9f20b4,600,0.794404940349607,0.886193842003696,3.33066907387547e-16,4.44089209850063e-16
389,389,S2,-14,90,73291005,VS,0.791769425724956,0.861840239973884,1,6330d9ece585b2ab67161d45f332c204,600,0.791769425724956,0.861840239973884,2.22044604925031e-16,3.33066907387547e-16
390,390,S2,-14,91,73291006,VS,0.807961827122862,0.879051896313044,1,ffd21e2ee9325ca47ae09ca4af3d23fe,600,0.807961827122862,0.879051896313044,2.22044604925031e-16,2.22044604925031e-16
391,391,S2,-14,92,73291007,VS,0.403924973768298,0.849459008038565,1,437df9a37401093c85ee401167b881dd,600,0.403924973768298,0.849459008038565,4.44089209850063e-16,0
392,392,S2,-14,93,73291008,VS,0.684600826776818,0.850435089883781,1,0f680890fc04e49f257bfdae5697486a,600,0.684600826776818,0.850435089883781,2.22044604925031e-16,2.22044604925031e-16
393,393,S2,-14,94,73291009,VS,0.603214211920255,0.860143995459485,1,4aad380c08a550b2b56c744e3c7e4771,600,0.603214211920255,0.860143995459485,0,3.33066907387547e-16
394,394,S2,-14,95,73291010,VS,0.791997975931467,0.852266978157873,1,7890e24421be373c2bbf20e7ed3b41e6,600,0.791997975931467,0.852266978157873,4.44089209850063e-16,1.11022302462516e-16
395,395,S2,-14,96,73291011,VS,0.752227483621976,0.841886530821756,1,b6df1109e502f49d20c64b0f0e565d73,600,0.752227483621976,0.841886530821756,3.33066907387547e-16,1.11022302462516e-16
396,396,S2,-14,97,73291012,VS,0.546508533915566,0.853273342531461,1,d02c57dae57bae7e8c1f6c28345193b9,600,0.546508533915566,0.853273342531461,2.22044604925031e-16,1.11022302462516e-16
397,397,S2,-14,98,73291013,VS,0.631649443306157,0.865717785342605,1,ac056676d53748f9834809fdcce7b4fe,600,0.631649443306157,0.865717785342605,2.22044604925031e-16,0
398,398,S2,-14,99,73291014,VS,0.714959200790391,0.852075172791565,1,76e3d5b6f304905c0b719c9613b0cfc2,600,0.714959200790391,0.852075172791565,4.44089209850063e-16,2.22044604925031e-16
399,399,S2,-14,100,73291015,VS,0.5666408859257,0.88042934648623,1,cbb4b033b4355c0c99ca6e95768592fa,600,0.5666408859257,0.88042934648623,1.11022302462516e-16,1.11022302462516e-16
400,400,S2,-17,1,73290916,VS,0.443032077865747,0.757578120274532,1,ba8acb8440b0d10ea2af631db0019362,600,0.443032077865747,0.757578120274532,4.44089209850063e-16,1.11022302462516e-16
401,401,S2,-17,2,73290917,VS,0.246867724402819,0.596123404729704,1,c330b6e804eaa4de578eabf3cd06ddf9,600,0.246867724402819,0.596123404729704,4.16333634234434e-16,3.33066907387547e-16
402,402,S2,-17,3,73290918,VS,0.487525141979954,0.720003594752195,1,f528f7ba88db38a40ac3ef7dd4d0afd1,600,0.487525141979954,0.720003594752195,1.66533453693773e-16,1.11022302462516e-16
403,403,S2,-17,4,73290919,VS,0.248357096819235,0.730982337499986,1,009b43d2f019356f48e767e34140dada,600,0.248357096819235,0.730982337499986,1.94289029309402e-16,1.11022302462516e-16
404,404,S2,-17,5,73290920,VS,0.249397592037658,0.788272630415259,1,6a2acfbe2d0d4b65a902dbfdcf07336e,600,0.249397592037658,0.788272630415259,8.32667268468867e-17,3.33066907387547e-16
405,405,S2,-17,6,73290921,VS,0.234678297547905,0.857852178759992,1,d76ddf1886dbd4d7da85b02941c6ee7e,600,0.234678297547905,0.857852178759992,2.77555756156289e-16,3.33066907387547e-16
406,406,S2,-17,7,73290922,VS,0.333077219392949,0.798752036894399,1,6550afee33e7e37d7e75fb8f3afa29b5,600,0.333077219392949,0.798752036894399,2.22044604925031e-16,0
407,407,S2,-17,8,73290923,VS,0.264970378087634,0.766677935870895,1,415ab600f929c3d2a06b3261fd57b0de,600,0.264970378087634,0.766677935870895,3.88578058618805e-16,2.22044604925031e-16
408,408,S2,-17,9,73290924,VS,0.309001376138619,0.692962438458426,1,62ba37532cb862705ae3c1a7ec9adf4b,600,0.309001376138619,0.692962438458426,1.66533453693773e-16,4.44089209850063e-16
409,409,S2,-17,10,73290925,VS,0.704638352344615,0.697462874285752,1,055e5b190a2ffdb8a73c8d1c3426f89c,600,0.704638352344615,0.697462874285752,3.33066907387547e-16,1.11022302462516e-16
410,410,S2,-17,11,73290926,VS,0.271768952274873,0.814908249507554,1,4fdad17cee57a36b86553c1f903c026d,600,0.271768952274873,0.814908249507554,1.11022302462516e-16,2.22044604925031e-16
411,411,S2,-17,12,73290927,VS,0.27520166316528,0.737226999532553,1,e721a1e293090793e6ebef709a3e07b7,600,0.27520166316528,0.737226999532553,4.44089209850063e-16,2.22044604925031e-16
412,412,S2,-17,13,73290928,VS,0.705865271000719,0.85021372202248,1,2d85af183676cb3694f3718d1179f348,600,0.705865271000719,0.85021372202248,4.44089209850063e-16,3.33066907387547e-16
413,413,S2,-17,14,73290929,VS,0.340268126563419,0.759608110818951,1,ab9ace896fd9bd6b3d39d677f2c96124,600,0.340268126563419,0.759608110818951,0,1.11022302462516e-16
414,414,S2,-17,15,73290930,VS,0.486135794938364,0.698515471351248,1,d6f2e2630d42faebf14a43709d724dc4,600,0.486135794938364,0.698515471351248,2.22044604925031e-16,1.11022302462516e-16
415,415,S2,-17,16,73290931,VS,0.476281530546638,0.790333662964226,1,40ea7db36d413e22398a1a625ddbe5f7,600,0.476281530546638,0.790333662964226,3.33066907387547e-16,3.33066907387547e-16
416,416,S2,-17,17,73290932,VS,0.447419068152539,0.74114844679153,1,6b28633cacd5a536c7cd56eeb569dd80,600,0.447419068152539,0.74114844679153,3.88578058618805e-16,1.11022302462516e-16
417,417,S2,-17,18,73290933,VS,0.18425183195256,0.707806242036914,1,6b0dd47cc1996aaa29cf7e4338865ac1,600,0.18425183195256,0.707806242036914,3.05311331771918e-16,4.44089209850063e-16
418,418,S2,-17,19,73290934,VS,0.248184368646863,0.760324144440574,1,a9930b0f057ef372b7d5086715f4663c,600,0.248184368646863,0.760324144440574,3.88578058618805e-16,2.22044604925031e-16
419,419,S2,-17,20,73290935,VS,0.232851601379978,0.832467209974761,1,d7a18bd5bc4494a0f66801e4363c2ffe,600,0.232851601379978,0.832467209974761,3.88578058618805e-16,4.44089209850063e-16
420,420,S2,-17,21,73290936,VS,0.166627941489791,0.727843539365456,1,2abf3d16ecfafe41d11a12e0c38ad4da,600,0.166627941489791,0.727843539365456,3.05311331771918e-16,0
421,421,S2,-17,22,73290937,VS,0.60512034689755,0.702278933394891,1,0d1f6402c0202e12a1ad6a292557f65e,600,0.60512034689755,0.702278933394891,3.33066907387547e-16,3.33066907387547e-16
422,422,S2,-17,23,73290938,VS,0.227503701667091,0.615697671387648,1,ff8aea847852dbfc85d35318cedd066e,600,0.227503701667091,0.615697671387648,2.77555756156289e-16,4.44089209850063e-16
423,423,S2,-17,24,73290939,VS,0.418965659827026,0.7113869335896,1,7b84db4a7e04ab18d1bdb53f4b8194b6,600,0.418965659827026,0.7113869335896,4.9960036108132e-16,0
424,424,S2,-17,25,73290940,VS,0.31402769352754,0.597020010875392,0,7b6f5621287154512b81c41f0778e74f,600,0.31402769352754,0.597020010875392,4.44089209850063e-16,1.11022302462516e-16
425,425,S2,-17,26,73290941,VS,0.318763916641062,0.773394683625904,1,5e40fa3b305caa0ce2199b1f82746e3a,600,0.318763916641062,0.773394683625904,4.44089209850063e-16,1.11022302462516e-16
426,426,S2,-17,27,73290942,VS,0.169450029744128,0.862395983311343,1,67abedd8a62620ba8d84b1b4d84754d9,600,0.169450029744128,0.862395983311343,3.33066907387547e-16,1.11022302462516e-16
427,427,S2,-17,28,73290943,VS,0.287993991388945,0.81563130699089,1,5db04f7ae5eda7d67e878301b5a1f218,600,0.287993991388945,0.81563130699089,2.22044604925031e-16,1.11022302462516e-16
428,428,S2,-17,29,73290944,VS,0.593405516589801,0.748084602692982,1,2a04a469f2ed5b6f50b84f2013e2a4d7,600,0.593405516589801,0.748084602692982,2.22044604925031e-16,4.44089209850063e-16
429,429,S2,-17,30,73290945,VS,0.290795953059423,0.734960223012084,1,cc34f865b49347fee6edd808e0a80d75,600,0.290795953059423,0.734960223012084,3.33066907387547e-16,2.22044604925031e-16
430,430,S2,-17,31,73290946,VS,0.411179591943735,0.802099724333229,1,fb8e30776fdebab75b59c3863d61ae35,600,0.411179591943735,0.802099724333229,4.44089209850063e-16,1.11022302462516e-16
431,431,S2,-17,32,73290947,VS,0.477257110317681,0.759662970780561,1,abdd241372a976ebad3054716800131d,600,0.477257110317681,0.759662970780561,3.33066907387547e-16,3.33066907387547e-16
432,432,S2,-17,33,73290948,VS,0.210815845592786,0.779795942900024,1,74cd5495cde7face50dc2b04f94256a6,600,0.210815845592786,0.779795942900024,4.71844785465692e-16,0
433,433,S2,-17,34,73290949,VS,0.194188960485687,0.755241101117797,1,960ce1f3dbfa4688551866859b0cf7ba,600,0.194188960485687,0.755241101117797,2.77555756156289e-16,1.11022302462516e-16
434,434,S2,-17,35,73290950,VS,0.408881659351833,0.713315734949184,1,cf038c252135655501b56857e5e2b852,600,0.408881659351833,0.713315734949184,2.77555756156289e-16,0
435,435,S2,-17,36,73290951,VS,0.303102740523185,0.726025367882008,1,5970877e738036d7a84ec919f4325bcd,600,0.303102740523185,0.726025367882008,3.33066907387547e-16,1.11022302462516e-16
436,436,S2,-17,37,73290952,VS,0.356165416339497,0.736022969154996,1,b546e1a1359d00f6f69a030ad4365703,600,0.356165416339497,0.736022969154996,1.66533453693773e-16,4.44089209850063e-16
437,437,S2,-17,38,73290953,VS,0.323219335419399,0.768201635406755,1,22941420cdbe8682759bbbcc15658df9,600,0.323219335419399,0.768201635406755,2.22044604925031e-16,0
438,438,S2,-17,39,73290954,VS,0.455113754644351,0.77236755417596,1,669bc596e372994ff6246d786987f085,600,0.455113754644351,0.77236755417596,2.77555756156289e-16,4.44089209850063e-16
439,439,S2,-17,40,73290955,VS,0.308867906190945,0.842741758001384,1,4643032931a735c08e14aaf779b73ac3,600,0.308867906190945,0.842741758001384,5.55111512312578e-17,4.44089209850063e-16
440,440,S2,-17,41,73290956,VS,0.265661846163007,0.646922076687428,1,09c5533f1b2c8e109b162653f4e67827,600,0.265661846163007,0.646922076687428,3.33066907387547e-16,3.33066907387547e-16
441,441,S2,-17,42,73290957,VS,0.267931056163151,0.816652985402647,1,92c1e20f41b79c4516538f140cc4eef3,600,0.267931056163151,0.816652985402647,2.77555756156289e-16,2.22044604925031e-16
442,442,S2,-17,43,73290958,VS,0.295402766544961,0.676199338525014,1,91a2ee0e73f77a44dc478c00c457eedb,600,0.295402766544961,0.676199338525014,5.55111512312578e-17,4.44089209850063e-16
443,443,S2,-17,44,73290959,VS,0.283743202303946,0.782042591368803,1,c1ede36ec5428f13cee484cd395bdd53,600,0.283743202303946,0.782042591368803,2.77555756156289e-16,3.33066907387547e-16
444,444,S2,-17,45,73290960,VS,0.314946687604596,0.792630797885451,1,6312365429644b98778498a29aae112c,600,0.314946687604596,0.792630797885451,3.88578058618805e-16,2.22044604925031e-16
445,445,S2,-17,46,73290961,VS,0.28276644187647,0.812712639006292,1,2b7aca28dd7ba206b2c6d8bbc30df2d8,600,0.28276644187647,0.812712639006292,4.9960036108132e-16,4.44089209850063e-16
446,446,S2,-17,47,73290962,VS,0.629289366641049,0.773318946581338,1,b917673d9d58bfe11415e96ffdb051c9,600,0.629289366641049,0.773318946581338,0,4.44089209850063e-16
447,447,S2,-17,48,73290963,VS,0.35421728430233,0.712335419449574,1,84d7ed7f6a487d5b778f3ff44238e186,600,0.35421728430233,0.712335419449574,1.11022302462516e-16,0
448,448,S2,-17,49,73290964,VS,0.356507209778845,0.786152522705148,1,8b8326a7a45341493a824a8e0464f2ba,600,0.356507209778845,0.786152522705148,3.88578058618805e-16,2.22044604925031e-16
449,449,S2,-17,50,73290965,VS,0.549912415124009,0.771091910446764,1,61503600865363269fdc038b940430c9,600,0.549912415124009,0.771091910446764,3.33066907387547e-16,0
450,450,S2,-17,51,73290966,VS,0.211812387473118,0.777783767572713,1,480647d0426ba511e3b0f82773304dc9,600,0.211812387473118,0.777783767572713,3.88578058618805e-16,3.33066907387547e-16
451,451,S2,-17,52,73290967,VS,0.230647132732745,0.778680469115406,1,0b2d86e2b213f82d5c9d12e178977e52,600,0.230647132732745,0.778680469115406,3.05311331771918e-16,1.11022302462516e-16
452,452,S2,-17,53,73290968,VS,0.225461236531675,0.744075442533711,1,675b8a4a2cdeeb0f962c41950da307dc,600,0.225461236531675,0.744075442533711,2.4980018054066e-16,2.22044604925031e-16
453,453,S2,-17,54,73290969,VS,0.388275780092071,0.767994969713187,1,4a4fe7bd0b3d6c36df00be521ca76a7a,600,0.388275780092071,0.767994969713187,2.77555756156289e-16,3.33066907387547e-16
454,454,S2,-17,55,73290970,VS,0.318225504871578,0.74189622422266,1,8c7a6c9d7537072243485f046b3d19e1,600,0.318225504871578,0.74189622422266,3.88578058618805e-16,3.33066907387547e-16
455,455,S2,-17,56,73290971,VS,0.443470922603605,0.721593851301968,1,c741918578004f38b46c377fceec9007,600,0.443470922603605,0.721593851301968,3.88578058618805e-16,1.11022302462516e-16
456,456,S2,-17,57,73290972,VS,0.314087756034244,0.643011944709964,1,d56b0b9786b064ca19de0723b33b877b,600,0.314087756034244,0.643011944709964,4.44089209850063e-16,4.44089209850063e-16
457,457,S2,-17,58,73290973,VS,0.436601085499621,0.675407750940867,1,3785ebdd69407c490645615941bac38a,600,0.436601085499621,0.675407750940867,4.9960036108132e-16,2.22044604925031e-16
458,458,S2,-17,59,73290974,VS,0.462196159099621,0.850996750948952,1,c1ac3efdb2190ad4d9602cc06c99c678,600,0.462196159099621,0.850996750948952,1.11022302462516e-16,4.44089209850063e-16
459,459,S2,-17,60,73290975,VS,0.483753610489734,0.780895799698775,1,90a49c8155d8e262a18c14725a12d5bb,600,0.483753610489734,0.780895799698775,1.11022302462516e-16,4.44089209850063e-16
460,460,S2,-17,61,73290976,VS,0.43654750851198,0.80464583403039,1,44b97192222b9cd895480dbfd095c37c,600,0.43654750851198,0.80464583403039,3.33066907387547e-16,1.11022302462516e-16
461,461,S2,-17,62,73290977,VS,0.417297859668856,0.742668872197586,1,f6043a85a2487a89e2502f8e30385fcb,600,0.417297859668856,0.742668872197586,2.22044604925031e-16,2.22044604925031e-16
462,462,S2,-17,63,73290978,VS,0.290634486926575,0.742972924799096,1,5682e8c3ae76e98b2e517e851c515ac9,600,0.290634486926575,0.742972924799096,3.88578058618805e-16,2.22044604925031e-16
463,463,S2,-17,64,73290979,VS,0.356841502093152,0.759448641835587,1,929b9ff27886f529dd5ce9693d76d1df,600,0.356841502093152,0.759448641835587,3.33066907387547e-16,0
464,464,S2,-17,65,73290980,VS,0.28099787724645,0.780772111770689,1,548eaaed05f2c82c2cb5126d7576f1a4,600,0.28099787724645,0.780772111770689,5.55111512312578e-17,2.22044604925031e-16
465,465,S2,-17,66,73290981,VS,0.275306919439128,0.767467869414646,1,af0b725aaacc447676df3a3757c320f8,600,0.275306919439128,0.767467869414646,3.33066907387547e-16,3.33066907387547e-16
466,466,S2,-17,67,73290982,VS,0.337623162521697,0.703080006646424,1,3b85c4f55025e2480dce43f127a8cfd7,600,0.337623162521697,0.703080006646424,3.88578058618805e-16,2.22044604925031e-16
467,467,S2,-17,68,73290983,VS,0.491500433419732,0.695301143516452,1,ffc4f82a45d7c671d73dab487b6a0896,600,0.491500433419732,0.695301143516452,4.44089209850063e-16,1.11022302462516e-16
468,468,S2,-17,69,73290984,VS,0.301303980145507,0.793662519086792,1,9b91a361643b0c7b91cb5c762e418444,600,0.301303980145507,0.793662519086792,1.11022302462516e-16,2.22044604925031e-16
469,469,S2,-17,70,73290985,VS,0.25344041125337,0.749757517739633,1,215f63376b97f511d0213c9a3e16b9e5,600,0.25344041125337,0.749757517739633,1.66533453693773e-16,1.11022302462516e-16
470,470,S2,-17,71,73290986,VS,0.35643772151343,0.790151063990644,1,196545b9bdf3eebf542248fb3ae2ab93,600,0.35643772151343,0.790151063990644,3.33066907387547e-16,4.44089209850063e-16
471,471,S2,-17,72,73290987,VS,0.286719479375437,0.768966816489803,1,ae3753f829d9cf3a546643bd626b91cf,600,0.286719479375437,0.768966816489803,4.9960036108132e-16,3.33066907387547e-16
472,472,S2,-17,73,73290988,VS,0.559443307027632,0.702220408255818,1,340d19f09aa33739c5c852a0b00072a6,600,0.559443307027632,0.702220408255818,4.44089209850063e-16,4.44089209850063e-16
473,473,S2,-17,74,73290989,VS,0.474192728392139,0.831011317145962,1,8277168dd1912b56c4b2abf7fd4454be,600,0.474192728392139,0.831011317145962,5.55111512312578e-17,1.11022302462516e-16
474,474,S2,-17,75,73290990,VS,0.453752527640995,0.820254571769683,1,a274ffe782aaa3ccb3dcb95feeed86f8,600,0.453752527640995,0.820254571769683,1.66533453693773e-16,3.33066907387547e-16
475,475,S2,-17,76,73290991,VS,0.367212531008012,0.763545146136625,1,b7ced2758676d15405da72700b23eeba,600,0.367212531008012,0.763545146136625,3.33066907387547e-16,0
476,476,S2,-17,77,73290992,VS,0.278398445159304,0.746247155425103,1,6c83252f3c0c29c784513275952a129b,600,0.278398445159304,0.746247155425103,1.66533453693773e-16,2.22044604925031e-16
477,477,S2,-17,78,73290993,VS,0.573269818555702,0.775689857145279,1,1ad1ed4f13e996d44563bf285453a848,600,0.573269818555702,0.775689857145279,4.44089209850063e-16,3.33066907387547e-16
478,478,S2,-17,79,73290994,VS,0.35754710019378,0.827805858155588,1,e7a2b466c73c8565126b9f026fb594ce,600,0.35754710019378,0.827805858155588,0,2.22044604925031e-16
479,479,S2,-17,80,73290995,VS,0.384954363957768,0.814971652926498,1,1d3b6c6b6129b43b06c307c7bceb094f,600,0.384954363957768,0.814971652926498,4.9960036108132e-16,0
480,480,S2,-17,81,73290996,VS,0.434865277268889,0.823570682248187,1,7ed2abd885a1d2789cfe8aa0582c130a,600,0.434865277268889,0.823570682248187,5.55111512312578e-17,1.11022302462516e-16
481,481,S2,-17,82,73290997,VS,0.439030442870735,0.800464966248393,1,4ef283bf9ae3eafdc84f50a11884c3fb,600,0.439030442870735,0.800464966248393,4.9960036108132e-16,1.11022302462516e-16
482,482,S2,-17,83,73290998,VS,0.400297035691661,0.686403597946473,1,d1a11a8d3deb5c5534c2eaf7a6f6f4f8,600,0.400297035691661,0.686403597946473,5.55111512312578e-17,1.11022302462516e-16
483,483,S2,-17,84,73290999,VS,0.418613489983744,0.749891340471105,1,a3f14649f55f5e4c543e69b5efdf0d5c,600,0.418613489983744,0.749891340471105,0,4.44089209850063e-16
484,484,S2,-17,85,73291000,VS,0.396326149514625,0.762704570145184,1,6781f041671dd085e6b10b13295e97b5,600,0.396326149514625,0.762704570145184,1.66533453693773e-16,3.33066907387547e-16
485,485,S2,-17,86,73291001,VS,0.406612340145669,0.770415950396577,1,6c5367c0811af16f5b153109a6375642,600,0.406612340145669,0.770415950396577,3.33066907387547e-16,3.33066907387547e-16
486,486,S2,-17,87,73291002,VS,0.255950748881588,0.741897162689911,1,21ce52d40613248e97bcc7372c65bb61,600,0.255950748881588,0.741897162689911,2.77555756156289e-16,4.44089209850063e-16
487,487,S2,-17,88,73291003,VS,0.369798679171085,0.772049247132616,1,a9d161f842866331c991b084ee93c27c,600,0.369798679171085,0.772049247132616,4.9960036108132e-16,0
488,488,S2,-17,89,73291004,VS,0.527674428389864,0.82944463357471,1,37ba8301dfacbf809c253d8d9e6a8d2b,600,0.527674428389864,0.82944463357471,4.44089209850063e-16,1.11022302462516e-16
489,489,S2,-17,90,73291005,VS,0.354861875855473,0.704762920796114,1,db3d2803f98943c201046ece2f2a4ba6,600,0.354861875855473,0.704762920796114,3.33066907387547e-16,4.44089209850063e-16
490,490,S2,-17,91,73291006,VS,0.448018349451653,0.719615537844334,1,0c3bdc2b09cf8134643be91cc874aef1,600,0.448018349451653,0.719615537844334,4.9960036108132e-16,0
491,491,S2,-17,92,73291007,VS,0.262449092783957,0.7501003206473,1,5d398ead5e4f56ecfeeb45d23e7dd919,600,0.262449092783957,0.7501003206473,3.33066907387547e-16,2.22044604925031e-16
492,492,S2,-17,93,73291008,VS,0.454029105885649,0.60037258531603,1,63379f90200e2da9d2343336cab43e77,600,0.454029105885649,0.60037258531603,4.9960036108132e-16,2.22044604925031e-16
493,493,S2,-17,94,73291009,VS,0.34433024445639,0.799101489855688,1,12643d5057d5bd2498c67cc84013b8b6,600,0.34433024445639,0.799101489855688,3.88578058618805e-16,1.11022302462516e-16
494,494,S2,-17,95,73291010,VS,0.724288286878634,0.82440305037647,1,9f1af422ca39e543bd5d60cba9a48336,600,0.724288286878634,0.82440305037647,4.44089209850063e-16,1.11022302462516e-16
495,495,S2,-17,96,73291011,VS,0.276001242194567,0.803019252406848,1,3f8caae24c1182a0bf3ea31d80c50379,600,0.276001242194567,0.803019252406848,1.66533453693773e-16,1.11022302462516e-16
496,496,S2,-17,97,73291012,VS,0.351461939896406,0.779407889842095,1,440d1d85392b84841acebedd51ad6443,600,0.351461939896406,0.779407889842095,2.77555756156289e-16,4.44089209850063e-16
497,497,S2,-17,98,73291013,VS,0.338539246212338,0.673172359333361,1,755ff8c077023278206c7574f1129e27,600,0.338539246212338,0.673172359333361,5.55111512312578e-17,3.33066907387547e-16
498,498,S2,-17,99,73291014,VS,0.310695535440624,0.749354536292034,1,2b406cbde591eea63159ec18b392c8cd,600,0.310695535440624,0.749354536292034,2.77555756156289e-16,3.33066907387547e-16
499,499,S2,-17,100,73291015,VS,0.404017581818113,0.855518821088878,1,9670da2524404a0f04fae042b05c5208,600,0.404017581818113,0.855518821088878,4.9960036108132e-16,2.22044604925031e-16
500,500,S2,-20,1,73290916,VS,0.233237011400178,0.619281654284681,1,918ac1410f8f0c21005aeda842e47968,600,0.233237011400178,0.619281654284681,4.16333634234434e-16,1.11022302462516e-16
501,501,S2,-20,2,73290917,VS,0.087938242791492,0.403771952632866,1,a5998509bfe87e1b5762f21629b475f8,600,0.087938242791492,0.403771952632866,4.16333634234434e-17,4.44089209850063e-16
502,502,S2,-20,3,73290918,VS,0.177054974379144,0.421012029534724,1,7dc3d8ad03eaecbc34bcb1415d139f1c,600,0.177054974379144,0.421012029534724,2.77555756156289e-17,2.22044604925031e-16
503,503,S2,-20,4,73290919,VS,0.216305369002193,0.566333880458051,1,f766c25ea96f4cee8bb4ce43099e0194,600,0.216305369002193,0.566333880458051,2.22044604925031e-16,3.33066907387547e-16
504,504,S2,-20,5,73290920,VS,0.240672846708647,0.594389420245627,1,4e31b8331058d6d84e4ba9f77b6ba994,600,0.240672846708647,0.594389420245627,4.44089209850063e-16,0
505,505,S2,-20,6,73290921,VS,0.137672619315359,0.511464316579539,1,f927961446990f90338ee79b094e5f49,600,0.137672619315359,0.511464316579539,3.88578058618805e-16,3.33066907387547e-16
506,506,S2,-20,7,73290922,VS,0.323435621456543,0.556004662092525,1,aa80d89657104648346123e05ea0176b,600,0.323435621456543,0.556004662092525,3.33066907387547e-16,3.33066907387547e-16
507,507,S2,-20,8,73290923,VS,0.097779429488196,0.408464448063825,1,77c6c6ef17f1c64e992b72730fb2536f,600,0.097779429488196,0.408464448063825,0,5.55111512312578e-17
508,508,S2,-20,9,73290924,VS,0.16070061268928,0.377217997053556,1,f0dabed35ae87017752b899bd67d71b6,600,0.16070061268928,0.377217997053556,3.05311331771918e-16,5.55111512312578e-17
509,509,S2,-20,10,73290925,VS,0.299199406624367,0.557008054712841,1,19c96a3df823e2b9e129fa324f03547d,600,0.299199406624367,0.557008054712841,3.33066907387547e-16,1.11022302462516e-16
510,510,S2,-20,11,73290926,VS,0.243239915519122,0.50182519326466,1,3958d14117269127909df2c3c1803d67,600,0.243239915519122,0.50182519326466,4.44089209850063e-16,0
511,511,S2,-20,12,73290927,VS,0.0110234391979057,0.0113458782623996,0,1e9ad416c27cf26dd3a998c264f92c1c,600,0.0110234391979057,0.0113458782623996,4.16333634234434e-17,2.77555756156289e-17
512,512,S2,-20,13,73290928,VS,0.381156971628425,0.764635708063983,1,f22f7b60aaa7d9d168c1075370707544,600,0.381156971628425,0.764635708063983,1.66533453693773e-16,1.11022302462516e-16
513,513,S2,-20,14,73290929,VS,0.0121646810746078,0.00910067464568668,0,d9fe3b24f19525722365a0ed5d9032ab,600,0.0121646810746078,0.00910067464568668,2.94902990916057e-17,0
514,514,S2,-20,15,73290930,VS,0.1584963936968,0.51308845043641,1,289d995342c08ae9038f55ad924aaea6,600,0.1584963936968,0.51308845043641,2.22044604925031e-16,3.33066907387547e-16
515,515,S2,-20,16,73290931,VS,0.398973660568958,0.665689242633791,1,0634dd62d7724617a5cfd2b4284bad45,600,0.398973660568958,0.665689242633791,3.88578058618805e-16,4.44089209850063e-16
516,516,S2,-20,17,73290932,VS,0.300166275725085,0.599065879062991,1,8c445332ad476359300a777cedc27402,600,0.300166275725085,0.599065879062991,3.33066907387547e-16,3.33066907387547e-16
517,517,S2,-20,18,73290933,VS,0.0125741679757455,0.0269020048132123,0,d9dc32f6a086ee7e0eeab77570925f90,600,0.0125741679757455,0.0269020048132123,3.12250225675825e-17,3.46944695195361e-17
518,518,S2,-20,19,73290934,VS,0.128582878890645,0.35755023808922,1,944e19b5c3456be650f9c5abf8254206,600,0.128582878890645,0.35755023808922,1.11022302462516e-16,2.77555756156289e-16
519,519,S2,-20,20,73290935,VS,0.0122401597438067,0.0145612014544662,0,6c0457ec8bb0f6e0dbc869f416eea660,600,0.0122401597438067,0.0145612014544662,3.12250225675825e-17,2.94902990916057e-17
520,520,S2,-20,21,73290936,VS,0.0918189732172165,0.344279554025756,0,41f4e19e34d4578132c62893e3cb2583,600,0.0918189732172165,0.344279554025756,0,2.22044604925031e-16
521,521,S2,-20,22,73290937,VS,0.00943925034573641,0.015672807444075,0,0bafa3fd43a5a051890b0145950cfb54,600,0.00943925034573641,0.015672807444075,3.46944695195361e-18,3.12250225675825e-17
522,522,S2,-20,23,73290938,VS,0.0148304001787368,0.0223765105424674,0,b821c80049d8949d8a7889f9c28b0bfc,600,0.0148304001787368,0.0223765105424674,4.68375338513738e-17,1.04083408558608e-17
523,523,S2,-20,24,73290939,VS,0.210893711542249,0.391055862810151,0,e35106129be2484a8b2138b1a80deafa,600,0.210893711542249,0.391055862810151,1.38777878078145e-16,3.88578058618805e-16
524,524,S2,-20,25,73290940,VS,0.0124816168195391,0.0190290717939989,0,8ea1ec7cfc1909c14dc4d2040d17ed83,600,0.0124816168195391,0.0190290717939989,3.12250225675825e-17,3.81639164714898e-17
525,525,S2,-20,26,73290941,VS,0.166192699949353,0.540747530556103,1,bf3d212a49b7b825c15852cebaab5743,600,0.166192699949353,0.540747530556103,4.9960036108132e-16,4.44089209850063e-16
526,526,S2,-20,27,73290942,VS,0.192197226205255,0.415926193601831,1,8cfc9801c656ad51e4847e6746ed701d,600,0.192197226205255,0.415926193601831,2.4980018054066e-16,1.66533453693773e-16
527,527,S2,-20,28,73290943,VS,0.173890098322778,0.51429093113273,1,b92d5e6dbcb1b44148e192d18799e7db,600,0.173890098322778,0.51429093113273,2.77555756156289e-16,5.55111512312578e-16
528,528,S2,-20,29,73290944,VS,0.0117515127300132,0.00911946909964294,0,1cff874fd744c141a092bb4246fb31a1,600,0.0117515127300132,0.00911946909964294,5.20417042793042e-18,0
529,529,S2,-20,30,73290945,VS,0.309118894757932,0.606961287583817,1,89118745049d7f1efe8c6f8a039358fa,600,0.309118894757932,0.606961287583817,1.11022302462516e-16,3.33066907387547e-16
530,530,S2,-20,31,73290946,VS,0.179090249225237,0.63586432665508,1,e844d511a20d47a91a742197e33d64f2,600,0.179090249225237,0.63586432665508,0,4.44089209850063e-16
531,531,S2,-20,32,73290947,VS,0.0101597081407791,0.0192497985599442,0,ebf10d638c675cf7ae9943fb10fdab34,600,0.0101597081407791,0.0192497985599442,5.20417042793042e-18,4.5102810375397e-17
532,532,S2,-20,33,73290948,VS,0.114492370789592,0.547923555759567,1,c8bb4d2e11c7f6b9c04f8b3a7a18aad2,600,0.114492370789592,0.547923555759567,1.80411241501588e-16,1.11022302462516e-16
533,533,S2,-20,34,73290949,VS,0.0227677275453182,0.0162060233011566,0,615511db82ef4b3dd603a28975b5c121,600,0.0227677275453182,0.0162060233011566,4.16333634234434e-17,3.46944695195361e-18
534,534,S2,-20,35,73290950,VS,0.00885204545647304,0.0131039374452809,0,54d18f0796b1ad3ab0821f0a29afd53a,600,0.00885204545647304,0.0131039374452809,1.73472347597681e-18,3.46944695195361e-17
535,535,S2,-20,36,73290951,VS,0.0170865185410072,0.0138852071842484,0,6925b63fa3ab78b655829274d2865d04,600,0.0170865185410072,0.0138852071842484,4.85722573273506e-17,2.08166817117217e-17
536,536,S2,-20,37,73290952,VS,0.164190401102455,0.548481430191907,1,281c602e92665a9df33fd0d3a41e0807,600,0.164190401102455,0.548481430191907,0,2.22044604925031e-16
537,537,S2,-20,38,73290953,VS,0.0158933993237088,0.0164134653727789,0,1d0d61f45991bb6bdbd64d505c6e43d2,600,0.0158933993237088,0.0164134653727789,1.38777878078145e-17,4.16333634234434e-17
538,538,S2,-20,39,73290954,VS,0.218500602894133,0.604383665802478,1,3bbf1bee59501089930206a1adb57617,600,0.218500602894133,0.604383665802478,1.94289029309402e-16,1.11022302462516e-16
539,539,S2,-20,40,73290955,VS,0.180873008784669,0.481568299360941,1,a3da5115fd73783e5b5eaaf06ed34b00,600,0.180873008784669,0.481568299360941,3.05311331771918e-16,2.77555756156289e-16
540,540,S2,-20,41,73290956,VS,0.108475223126776,0.348179430098435,0,763a27e01e52df2001230c3179ba0108,600,0.108475223126776,0.348179430098435,6.93889390390723e-17,1.66533453693773e-16
541,541,S2,-20,42,73290957,VS,0.247691063954459,0.583709049577041,1,4b557ad06e3af0db80624c5c3eeecf50,600,0.247691063954459,0.583709049577041,4.71844785465692e-16,4.44089209850063e-16
542,542,S2,-20,43,73290958,VS,0.0112593189948033,0.012650040284832,0,837d741ed45783ceb00a1aa8c3c95efb,600,0.0112593189948033,0.012650040284832,8.67361737988404e-18,3.12250225675825e-17
543,543,S2,-20,44,73290959,VS,0.152405737378372,0.472553748526569,0,b162355e1189ea2605c62862cbd3d9d5,600,0.152405737378372,0.472553748526569,4.16333634234434e-16,3.33066907387547e-16
544,544,S2,-20,45,73290960,VS,0.161178918229291,0.625265041893164,1,5b0363cdd407ea1588b26d21fb1492c2,600,0.161178918229291,0.625265041893164,2.77555756156289e-17,2.22044604925031e-16
545,545,S2,-20,46,73290961,VS,0.20357717095073,0.589793919819788,1,6dcc60d0ca76bdaf746a6014b5f62f38,600,0.20357717095073,0.589793919819788,4.44089209850063e-16,4.44089209850063e-16
546,546,S2,-20,47,73290962,VS,0.0122976407391491,0.0146079635268549,0,716f5bc772caf513cd42a35ef04e59f7,600,0.0122976407391491,0.0146079635268549,2.77555756156289e-17,3.46944695195361e-18
547,547,S2,-20,48,73290963,VS,0.0161437481769142,0.0205866197669833,0,388ff5f4b5e6069bed7c67605d3e8ab8,600,0.0161437481769142,0.0205866197669833,6.93889390390723e-18,3.46944695195361e-18
548,548,S2,-20,49,73290964,VS,0.00893732345027961,0.0177781859713659,0,29b00e1cff64b429c9f539db2be1c62a,600,0.00893732345027961,0.0177781859713659,3.46944695195361e-18,3.12250225675825e-17
549,549,S2,-20,50,73290965,VS,0.296543011468157,0.619444230237586,1,d57513c947449db54f21f848a77d958f,600,0.296543011468157,0.619444230237586,2.22044604925031e-16,2.22044604925031e-16
550,550,S2,-20,51,73290966,VS,0.096605695138936,0.435631940112607,1,cf35f08ecdb88adc80ad59436235c903,600,0.096605695138936,0.435631940112607,1.38777878078145e-17,4.44089209850063e-16
551,551,S2,-20,52,73290967,VS,0.166175490591408,0.506376913467676,1,0d57f9e0d4098abdefd6de0f3129a352,600,0.166175490591408,0.506376913467676,3.05311331771918e-16,4.44089209850063e-16
552,552,S2,-20,53,73290968,VS,0.00962752675068593,0.00914142224109699,0,5f7d43fe6bc0c4bbe9ffdd95f4dfeee4,600,0.00962752675068593,0.00914142224109699,0,1.73472347597681e-18
553,553,S2,-20,54,73290969,VS,0.00889225876023711,0.00939385951502624,0,eda17340027d0f0b405d95cfa0c0b24f,600,0.00889225876023711,0.00939385951502624,3.46944695195361e-18,3.46944695195361e-18
554,554,S2,-20,55,73290970,VS,0.155525948031197,0.53480553648244,1,333b525783cefb42152f17ca5812992f,600,0.155525948031197,0.53480553648244,4.71844785465692e-16,1.11022302462516e-16
555,555,S2,-20,56,73290971,VS,0.215331217474503,0.49584752029245,1,2172c34e69a63cc58051b0a93b0e9c37,600,0.215331217474503,0.49584752029245,2.22044604925031e-16,2.77555756156289e-16
556,556,S2,-20,57,73290972,VS,0.224241995566958,0.620426039124606,1,e9ffd00492b2900e8ca17d18fa7633c8,600,0.224241995566958,0.620426039124606,1.66533453693773e-16,2.22044604925031e-16
557,557,S2,-20,58,73290973,VS,0.0148806723824965,0.0176953440621856,0,8b64a2b9ca43a636809798b44360b46f,600,0.0148806723824965,0.0176953440621856,3.46944695195361e-18,4.16333634234434e-17
558,558,S2,-20,59,73290974,VS,0.00987798322652373,0.0132132918666109,0,ea0adeb61c752397d752ab56a4c910fb,600,0.00987798322652373,0.0132132918666109,1.73472347597681e-18,4.16333634234434e-17
559,559,S2,-20,60,73290975,VS,0.011673212714364,0.0118737651825208,0,ec99b1cd87655b632d7bca676f8cea6c,600,0.011673212714364,0.0118737651825208,8.67361737988404e-18,1.56125112837913e-17
560,560,S2,-20,61,73290976,VS,0.175693451021087,0.595670634779707,1,ef7b7dc01d4e2172ebbca7abc09c5f84,600,0.175693451021087,0.595670634779707,2.77555756156289e-16,3.33066907387547e-16
561,561,S2,-20,62,73290977,VS,0.156993037131262,0.443436909365367,1,7834ee54a7774aab37cdb852c9968df7,600,0.156993037131262,0.443436909365367,2.77555756156289e-16,3.33066907387547e-16
562,562,S2,-20,63,73290978,VS,0.0106488645056602,0.0125335524945146,0,04d0c99dc723800e8524c113c8bef24a,600,0.0106488645056602,0.0125335524945146,5.20417042793042e-18,2.94902990916057e-17
563,563,S2,-20,64,73290979,VS,0.00960037856884753,0.0128156002789365,0,8d53d9638aa3add1a774b74a961e97a4,600,0.00960037856884753,0.0128156002789365,5.20417042793042e-18,6.93889390390723e-18
564,564,S2,-20,65,73290980,VS,0.182323423859974,0.449435701442412,1,0f19032e4f0f40f7dafa6a3585de4f3e,600,0.182323423859974,0.449435701442412,2.22044604925031e-16,0
565,565,S2,-20,66,73290981,VS,0.170444614154056,0.526854204948232,0,b0c398675649bfc745e2acc4532f83e1,600,0.170444614154056,0.526854204948232,3.60822483003176e-16,1.11022302462516e-16
566,566,S2,-20,67,73290982,VS,0.145142217222512,0.441981787197705,1,9084e0edea0b316726d362c3e4950c07,600,0.145142217222512,0.441981787197705,1.11022302462516e-16,4.44089209850063e-16
567,567,S2,-20,68,73290983,VS,0.281077236195001,0.588209362726136,1,5c8c22d1f835ea30db358f9e5f14519e,600,0.281077236195001,0.588209362726136,4.9960036108132e-16,0
568,568,S2,-20,69,73290984,VS,0.00986575271692216,0.0143861794037249,0,9f15fe15463bd3b7e6e0e88770c5db42,600,0.00986575271692216,0.0143861794037249,0,1.90819582357449e-17
569,569,S2,-20,70,73290985,VS,0.0150813007943899,0.0312404206048414,0,f62fff33de9b119b652ede560e3bbd38,600,0.0150813007943899,0.0312404206048414,1.56125112837913e-17,4.16333634234434e-17
570,570,S2,-20,71,73290986,VS,0.208695414322409,0.529890531567629,1,83641c7a194e0697ecdae7e5faecfa6c,600,0.208695414322409,0.529890531567629,4.44089209850063e-16,3.33066907387547e-16
571,571,S2,-20,72,73290987,VS,0.142510699792675,0.743257072440331,1,fcc7113d29e141ff3c3c90fa4c675522,600,0.142510699792675,0.743257072440331,1.11022302462516e-16,1.11022302462516e-16
572,572,S2,-20,73,73290988,VS,0.411979930311212,0.549971927141569,1,4796b7b3155f15b99ff07d156cc92be4,600,0.411979930311212,0.549971927141569,1.66533453693773e-16,0
573,573,S2,-20,74,73290989,VS,0.144762155308329,0.667595042355279,1,f2f68a17f693321987cc14e2977ae854,600,0.144762155308329,0.667595042355279,4.44089209850063e-16,1.11022302462516e-16
574,574,S2,-20,75,73290990,VS,0.222844162561228,0.674292152999187,1,7c8e9409839d61f8aab45edd69d7fae4,600,0.222844162561228,0.674292152999187,4.16333634234434e-16,1.11022302462516e-16
575,575,S2,-20,76,73290991,VS,0.0139292753210413,0.0135837504281758,0,0b78cf805755b118cf287dfe40bb4b5d,600,0.0139292753210413,0.0135837504281758,1.73472347597681e-18,0
576,576,S2,-20,77,73290992,VS,0.143125136481304,0.526868459702741,1,77cc7388fbfa3099c67e60a48afa94aa,600,0.143125136481304,0.526868459702741,8.32667268468867e-17,4.44089209850063e-16
577,577,S2,-20,78,73290993,VS,0.137224822204643,0.420909706077137,0,d50c0b92c023181ac8786c2d3f083784,600,0.137224822204643,0.420909706077137,4.71844785465692e-16,1.11022302462516e-16
578,578,S2,-20,79,73290994,VS,0.0113793258040191,0.0132171660355112,0,27d42fb08e3175e119c7ce8eee2644f0,600,0.0113793258040191,0.0132171660355112,5.20417042793042e-18,8.67361737988404e-18
579,579,S2,-20,80,73290995,VS,0.2745821102705,0.558534687992266,1,2642d051c51dcddee36ce5bca5bde62d,600,0.2745821102705,0.558534687992266,4.44089209850063e-16,3.33066907387547e-16
580,580,S2,-20,81,73290996,VS,0.287057511906034,0.543501293342288,1,9a6b24232c35add8beb798248d6cc628,600,0.287057511906034,0.543501293342288,3.33066907387547e-16,3.33066907387547e-16
581,581,S2,-20,82,73290997,VS,0.00887365852936925,0.0165621152519202,0,93cd709fb6bae9fe094c9ba398526ff6,600,0.00887365852936925,0.0165621152519202,1.73472347597681e-18,6.93889390390723e-18
582,582,S2,-20,83,73290998,VS,0.305845226845612,0.609980964247928,1,cdf4ec608bdeb60a10382929455cf264,600,0.305845226845612,0.609980964247928,4.44089209850063e-16,3.33066907387547e-16
583,583,S2,-20,84,73290999,VS,0.00932373951567059,0.0190666195164069,0,aacc819e076b001ed4e772f4086dd38e,600,0.00932373951567059,0.0190666195164069,1.73472347597681e-18,4.85722573273506e-17
584,584,S2,-20,85,73291000,VS,0.163321909904304,0.556850646896085,1,b8a07db11d904eea5da921fede278750,600,0.163321909904304,0.556850646896085,3.33066907387547e-16,3.33066907387547e-16
585,585,S2,-20,86,73291001,VS,0.192801076527999,0.614566022238797,1,5e55b9fdbb0bf7ecec6db1b97e854a14,600,0.192801076527999,0.614566022238797,3.88578058618805e-16,0
586,586,S2,-20,87,73291002,VS,0.00937444935277339,0.0122712462925784,0,cc2e0ffcc0c3e93955e8b1c451220fbf,600,0.00937444935277339,0.0122712462925784,1.73472347597681e-18,1.21430643318376e-17
587,587,S2,-20,88,73291003,VS,0.215317647304932,0.718199102834182,1,76f4402e20dfecb40a2b1b5bfb75f605,600,0.215317647304932,0.718199102834182,8.32667268468867e-17,1.11022302462516e-16
588,588,S2,-20,89,73291004,VS,0.356140856443652,0.712664560671575,1,e783fcfbbd6132c5918c7e052e8dfc8a,600,0.356140856443652,0.712664560671575,3.88578058618805e-16,0
589,589,S2,-20,90,73291005,VS,0.109458988974412,0.555385533670063,1,2530d0807aace881910d139269ebc139,600,0.109458988974412,0.555385533670063,9.71445146547012e-17,1.11022302462516e-16
590,590,S2,-20,91,73291006,VS,0.260786147622481,0.663117312594983,1,58d86cd955a1fcc12cda065c42fdddec,600,0.260786147622481,0.663117312594983,2.22044604925031e-16,3.33066907387547e-16
591,591,S2,-20,92,73291007,VS,0.0153029688259324,0.0118108217650043,0,a33a5b9afad72cac62f4c01c498f2ef2,600,0.0153029688259324,0.0118108217650043,3.29597460435593e-17,2.08166817117217e-17
592,592,S2,-20,93,73291008,VS,0.193952347159228,0.462978580437297,1,46bef3365edadf3b841adcb58d7e557e,600,0.193952347159228,0.462978580437297,1.66533453693773e-16,3.88578058618805e-16
593,593,S2,-20,94,73291009,VS,0.281691738630092,0.530681357002642,0,cb2f82bbc28b06b0afd005aeffa9ae8b,600,0.281691738630092,0.530681357002642,3.33066907387547e-16,2.22044604925031e-16
594,594,S2,-20,95,73291010,VS,0.234148130842469,0.76091508492963,1,b14d051dbda219a0444ec217f2a22b9b,600,0.234148130842469,0.76091508492963,3.05311331771918e-16,4.44089209850063e-16
595,595,S2,-20,96,73291011,VS,0.202727457983393,0.563310575926914,1,eb8c6eaff0272f4c703a0e82a4df11a3,600,0.202727457983393,0.563310575926914,3.33066907387547e-16,0
596,596,S2,-20,97,73291012,VS,0.260062879053775,0.559496825602823,1,7d6a486bda2e918215a290372fa5af6c,600,0.260062879053775,0.559496825602823,5.55111512312578e-17,0
597,597,S2,-20,98,73291013,VS,0.200801730893502,0.58765340027813,0,1c211d3da000099a723cef367a334229,600,0.200801730893502,0.58765340027813,4.71844785465692e-16,3.33066907387547e-16
598,598,S2,-20,99,73291014,VS,0.137014969509934,0.501687434464479,1,6439889ad6794cbeb3d3863e83a49a4d,600,0.137014969509934,0.501687434464479,0,3.33066907387547e-16
599,599,S2,-20,100,73291015,VS,0.246015339268826,0.506057804193083,1,bf22f53713c93e0c877523e90e625b78,600,0.246015339268826,0.506057804193083,3.88578058618805e-16,0
